日期,开盘,收盘,最高,最低,成交量,成交额,振幅,涨跌幅,涨跌额,换手率,MA5,MA10,MA30,MA60
2021-02-26,43.3,38.46,45.81,38.37,133886,813247232.0,31.21,61.33,14.62,75.5,,,,
2021-03-01,41.44,44.94,47.95,40.56,112943,730192512.0,19.21,16.85,6.48,63.69,,,,
2021-03-02,44.01,47.09,49.72,44.01,72801,492680592.0,12.71,4.78,2.15,41.05,,,,
2021-03-03,47.18,47.08,47.18,42.85,53712,350125872.0,9.2,-0.02,-0.01,30.29,,,,
2021-03-04,46.09,46.91,50.66,45.94,47262,334037808.0,10.03,-0.36,-0.17,26.65,44.896,,,
2021-03-05,47.05,50.13,50.91,46.94,39637,282054896.0,8.46,6.86,3.22,22.35,47.23,,,
2021-03-08,49.23,47.94,52.94,46.51,41599,301824304.0,12.83,-4.37,-2.19,23.46,47.83,,,
2021-03-09,47.58,44.39,49.3,44.02,33728,226724935.0,11.01,-7.41,-3.55,19.02,47.29,,,
2021-03-10,44.73,44.72,46.86,42.83,30146,197250662.0,9.08,0.74,0.33,17.0,46.818,,,
2021-03-11,44.01,44.68,45.68,43.98,16001,104358738.0,3.8,-0.09,-0.04,9.02,46.372,45.634,,
2021-03-12,44.7,45.44,46.16,44.15,13889,91057002.0,4.5,1.7,0.76,7.83,45.434000000000005,46.332,,
2021-03-15,46.16,50.8,52.23,46.16,29607,211438227.0,13.36,11.8,5.36,16.7,46.006,46.918,,
2021-03-16,51.11,48.79,51.86,47.99,22142,158154148.0,7.62,-3.96,-2.01,12.49,46.886,47.088,,
2021-03-17,48.91,47.3,49.01,46.37,15701,108038919.0,5.41,-3.05,-1.49,8.85,47.402,47.11,,
2021-03-18,47.29,49.29,52.01,47.09,29695,213102831.0,10.4,4.21,1.99,16.75,48.324,47.348,,
2021-03-19,48.73,49.07,51.77,46.37,21663,153699625.0,10.96,-0.45,-0.22,12.22,49.05,47.242,,
2021-03-22,48.87,49.14,51.13,47.81,13663,97426607.0,6.77,0.14,0.07,7.7,48.718,47.362,,
2021-03-23,48.66,50.67,53.14,48.66,26865,198203469.0,9.12,3.11,1.53,15.15,49.09400000000001,47.989999999999995,,
2021-03-24,51.01,54.01,55.86,47.59,34607,260030935.0,16.32,6.59,3.34,19.52,50.436,48.919,,
2021-03-25,53.16,51.36,53.94,50.12,25610,191804501.0,7.07,-4.91,-2.65,14.44,50.85,49.587,,
2021-03-26,51.87,51.84,53.3,50.2,12423,92978842.0,6.04,0.93,0.48,7.01,51.40400000000001,50.227000000000004,,
2021-03-29,52.23,50.24,52.23,49.01,9755,71123197.0,6.21,-3.09,-1.6,5.5,51.624,50.17100000000001,,
2021-03-30,50.24,52.66,52.86,48.8,12712,94353218.0,8.08,4.82,2.42,7.17,52.022000000000006,50.558,,
2021-03-31,52.17,52.07,53.93,51.81,5612,42739009.0,4.03,-1.12,-0.59,3.16,51.634,51.035,,
2021-04-01,52.5,53.25,53.85,51.8,9344,71067818.0,3.94,2.27,1.18,5.27,52.012,51.431000000000004,,
2021-04-02,53.86,49.73,53.93,49.65,19337,141884910.0,8.04,-6.61,-3.52,10.9,51.589999999999996,51.497,,
2021-04-06,49.16,48.66,49.73,46.42,18999,132830597.0,6.66,-2.15,-1.07,10.71,51.274,51.449,,
2021-04-07,48.99,48.44,49.0,46.96,6765,46874379.0,4.19,-0.45,-0.22,3.81,50.42999999999999,51.226,,
2021-04-08,48.62,47.59,49.51,47.44,6983,48764494.0,4.27,-1.75,-0.85,3.94,49.534000000000006,50.584,,
2021-04-09,48.14,46.66,48.16,46.2,9065,61817619.0,4.12,-1.95,-0.93,5.11,48.215999999999994,50.114,48.445,
2021-04-12,46.84,46.94,47.73,46.16,5295,36131169.0,3.36,0.6,0.28,2.99,47.657999999999994,49.623999999999995,48.727666666666664,
2021-04-13,46.94,44.75,46.95,44.21,8264,54414547.0,5.84,-4.67,-2.19,4.66,46.876,49.075,48.72133333333333,
2021-04-14,45.49,47.5,48.09,44.59,9372,64129083.0,7.82,6.15,2.75,5.29,46.688,48.559,48.735,
2021-04-15,46.99,46.43,48.91,45.86,8076,55269420.0,6.42,-2.25,-1.07,4.55,46.455999999999996,47.995,48.71333333333334,
2021-04-16,45.94,46.66,47.37,45.8,3811,25735003.0,3.38,0.5,0.23,2.15,46.456,47.336,48.705,
2021-04-19,47.13,48.86,50.09,46.16,9687,68129437.0,8.42,4.71,2.2,5.46,46.839999999999996,47.248999999999995,48.662666666666674,
2021-04-20,48.31,48.23,49.29,47.72,4785,33617246.0,3.21,-1.29,-0.63,2.7,47.535999999999994,47.206,48.672333333333334,
2021-04-21,48.1,49.51,49.55,47.23,5470,38541877.0,4.81,2.65,1.28,3.08,47.938,47.313,48.842999999999996,
2021-04-22,49.16,52.04,52.23,49.09,10224,75477349.0,6.34,5.11,2.53,5.77,49.06,47.757999999999996,49.086999999999996,
2021-04-23,51.2,51.21,52.3,50.89,5496,40836845.0,2.71,-1.59,-0.83,3.1,49.97,48.213,49.30466666666667,
2021-04-26,51.29,50.17,52.52,50.0,7705,57098216.0,4.92,-2.03,-1.04,4.34,50.232,48.536,49.462333333333326,
2021-04-27,50.03,51.01,51.51,49.87,3693,27012549.0,3.27,1.67,0.84,2.08,50.788,49.162,49.46933333333333,
2021-04-28,50.87,52.15,52.41,49.73,5919,43674433.0,5.25,2.23,1.14,3.34,51.315999999999995,49.626999999999995,49.58133333333333,
2021-04-29,50.48,57.51,59.72,50.09,23141,186886871.0,18.47,10.28,5.36,13.05,52.40999999999999,50.735,49.92166666666666,
2021-04-30,56.57,60.08,61.15,56.57,12638,107461045.0,7.96,4.47,2.57,7.13,54.184000000000005,52.077,50.28133333333333,
2021-05-06,59.73,61.16,63.31,57.61,9281,82081027.0,9.49,1.8,1.08,5.23,56.38199999999999,53.307,50.684333333333335,
2021-05-07,62.11,57.89,62.51,56.94,9504,80829830.0,9.11,-5.35,-3.27,5.36,57.757999999999996,54.273,50.976,
2021-05-10,58.4,58.54,60.99,56.59,7704,64608462.0,7.6,1.12,0.65,4.34,59.036,55.176,51.23833333333334,
2021-05-11,58.3,59.43,60.14,56.16,6329,53049262.0,6.8,1.52,0.89,3.57,59.42,55.915,51.419000000000004,
2021-05-12,58.48,61.87,63.23,58.09,8107,70475171.0,8.65,4.11,2.44,4.57,59.778,56.980999999999995,51.76933333333333,
2021-05-13,61.12,60.29,64.16,59.37,9995,87826493.0,7.74,-2.55,-1.58,5.64,59.604,57.99300000000001,52.051,
2021-05-14,60.29,65.37,66.32,59.0,9527,85831116.0,12.14,8.43,5.08,5.37,61.1,59.42900000000001,52.55533333333334,
2021-05-17,65.01,66.44,68.16,64.51,5976,56846783.0,5.58,1.64,1.07,3.37,62.67999999999999,60.85799999999999,53.01466666666666,
2021-05-18,66.3,68.99,71.4,65.73,8523,83313792.0,8.53,3.84,2.55,4.81,64.592,62.00599999999999,53.57866666666666,
2021-05-19,68.8,69.07,71.44,67.16,10269,101925050.0,6.2,0.12,0.08,5.79,66.032,62.90500000000001,54.106,
2021-05-20,70.01,71.16,71.3,68.23,5947,59124005.0,4.44,3.03,2.09,3.35,68.206,63.904999999999994,54.82033333333333,
2021-05-21,71.16,69.61,72.15,67.34,6658,65908059.0,6.76,-2.18,-1.55,3.75,69.054,65.077,55.51866666666667,
2021-05-24,67.88,68.24,69.34,65.64,9594,92210016.0,5.32,-1.97,-1.37,5.41,69.414,66.047,56.17866666666667,
2021-05-25,67.18,73.85,74.29,67.18,7766,79307354.0,10.42,8.22,5.61,4.38,70.386,67.48899999999999,57.053999999999995,
2021-05-26,73.98,73.26,76.2,72.16,4893,51542459.0,5.47,-0.8,-0.59,2.76,71.224,68.628,57.940666666666665,53.192833333333326
2021-05-27,73.43,73.37,79.61,70.73,12709,135959679.0,12.12,0.15,0.11,7.17,71.666,69.93599999999999,58.82166666666667,53.77466666666667
2021-05-28,73.23,71.63,74.21,69.79,8034,82316652.0,6.02,-2.37,-1.74,4.53,72.07000000000001,70.56199999999998,59.717666666666666,54.219500000000004
2021-05-31,72.34,78.7,78.94,70.37,11810,128044013.0,11.96,9.87,7.07,6.66,74.162,71.788,60.757666666666665,54.74633333333334
2021-06-01,79.5,76.92,79.66,75.97,6550,72188419.0,4.69,-2.26,-1.78,3.69,74.776,72.58099999999999,61.773999999999994,55.24366666666666
2021-06-02,75.73,68.51,77.16,67.3,17740,177431313.0,12.82,-10.93,-8.41,10.0,73.826,72.525,62.50233333333334,55.60366666666666
2021-06-03,68.8,69.49,71.86,67.6,9201,91967891.0,6.22,1.43,0.98,5.19,73.05,72.35799999999999,63.18999999999999,55.92633333333333
2021-06-04,68.23,72.54,73.36,68.23,7808,80357721.0,7.38,4.39,3.05,4.4,73.232,72.651,64.00033333333333,56.33633333333333
2021-06-07,72.84,70.63,75.36,70.01,6088,62610708.0,7.38,-2.63,-1.91,3.43,71.61800000000001,72.89,64.70433333333332,56.77366666666667
2021-06-08,70.86,69.4,71.65,66.21,13914,136096891.0,7.7,-1.74,-1.23,7.85,70.114,72.44500000000001,65.283,57.184999999999995
2021-06-09,68.59,67.66,69.86,66.44,7110,68775937.0,4.93,-2.51,-1.74,4.01,69.944,71.885,65.83133333333333,57.568
2021-06-10,67.64,67.64,70.01,67.34,4377,42875057.0,3.95,-0.03,-0.02,2.47,69.574,71.31200000000001,66.41366666666667,57.937999999999995
2021-06-11,68.44,67.44,69.04,66.51,4478,43378329.0,3.74,-0.3,-0.2,2.53,68.554,70.893,66.96133333333334,58.215333333333334
2021-06-15,67.46,63.95,67.46,62.87,11471,106273254.0,6.81,-5.17,-3.49,6.47,67.21799999999999,69.418,67.35466666666667,58.467999999999996
2021-06-16,64.44,64.28,66.99,63.75,8688,81064453.0,5.07,0.52,0.33,4.9,66.194,68.154,67.58033333333334,58.751
2021-06-17,63.72,67.43,67.84,63.59,6918,65698111.0,6.61,4.9,3.15,3.9,66.148,68.04599999999999,67.82533333333333,59.05333333333333
2021-06-18,69.55,68.12,71.08,67.45,6563,64540970.0,5.38,1.02,0.69,3.7,66.244,67.909,68.05733333333333,59.37083333333332
2021-06-21,68.31,69.87,72.29,66.8,10088,100672643.0,8.06,2.57,1.75,5.69,66.73,67.642,68.45666666666666,59.71633333333333
2021-06-22,69.51,73.24,74.07,68.46,8582,88564026.0,8.03,4.82,3.37,4.84,68.58800000000001,67.90299999999999,68.94666666666667,60.092499999999994
2021-06-23,72.8,70.94,74.87,70.01,6242,64194783.0,6.64,-3.14,-2.3,3.52,69.92,68.057,69.33033333333334,60.37466666666667
2021-06-24,70.94,69.66,70.94,67.59,7212,71014319.0,4.72,-1.8,-1.28,4.07,70.366,68.257,69.58999999999999,60.67966666666666
2021-06-25,69.51,74.01,75.37,69.3,7377,76503681.0,8.71,6.24,4.35,4.16,71.544,68.894,70.04733333333334,61.049166666666665
2021-06-28,74.01,79.24,79.96,72.56,8498,92697997.0,10.0,7.07,5.23,4.79,73.41799999999999,70.074,70.50966666666666,61.5325
2021-06-29,78.05,78.9,81.32,76.87,7385,82724125.0,5.62,-0.43,-0.34,4.16,74.55,71.56899999999999,70.925,61.969833333333334
2021-06-30,78.64,76.8,79.66,75.74,5350,58833281.0,4.97,-2.66,-2.1,3.02,75.722,72.821,71.18533333333333,62.382
2021-07-01,76.79,75.7,77.16,71.95,6104,64913770.0,6.78,-1.43,-1.1,3.44,76.92999999999999,73.648,71.40633333333334,62.756166666666665
2021-07-02,74.77,74.71,76.23,72.16,4371,46523784.0,5.38,-1.31,-0.99,2.46,77.07000000000001,74.307,71.52466666666668,63.1725
2021-07-05,74.16,78.71,79.31,73.28,7569,82490885.0,8.07,5.35,4.0,4.27,76.964,75.191,71.828,63.67333333333333
2021-07-06,78.16,76.79,79.66,69.94,12650,133911240.0,12.35,-2.44,-1.92,7.13,76.542,75.546,72.11300000000001,64.14583333333333
2021-07-07,75.51,80.08,80.94,72.29,11795,130701530.0,11.26,4.28,3.29,6.65,77.19800000000001,76.46,72.32066666666668,64.68733333333333
2021-07-08,82.01,80.08,83.87,78.74,9231,106405130.0,6.41,0.0,0.0,5.21,78.07399999999998,77.502,72.548,65.24433333333333
2021-07-09,80.08,82.23,84.72,77.3,9013,105662711.0,9.27,2.68,2.15,5.08,79.578,78.324,72.84333333333333,65.8325
2021-07-12,82.59,84.62,86.36,80.75,4378,52681382.0,6.82,2.91,2.39,2.47,80.76,78.862,73.27633333333333,66.497
2021-07-13,83.39,77.95,84.86,77.16,7944,89906476.0,9.1,-7.88,-6.67,4.48,80.99199999999999,78.76700000000001,73.25133333333335,67.0045
2021-07-14,78.01,78.91,81.86,77.16,3400,38742663.0,6.03,1.23,0.96,1.92,80.75800000000001,78.978,73.31766666666667,67.54583333333333
2021-07-15,79.44,77.2,79.98,73.94,5021,54882126.0,7.65,-2.17,-1.71,2.83,80.182,79.128,73.60733333333333,68.05483333333333
2021-07-16,75.09,76.54,79.64,75.09,5032,55646709.0,5.89,-0.85,-0.66,2.84,79.04400000000001,79.311,73.84233333333333,68.51616666666668
2021-07-19,76.42,76.83,79.5,75.62,2707,29860994.0,5.07,0.38,0.29,1.53,77.486,79.123,73.98533333333334,68.99283333333332
2021-07-20,75.01,77.11,80.45,75.01,3395,37760315.0,7.08,0.36,0.28,1.91,77.31800000000001,79.155,74.20133333333334,69.45283333333333
2021-07-21,75.68,80.25,80.64,75.68,3346,37890552.0,6.43,4.07,3.14,1.89,77.586,79.172,74.563,69.923
2021-07-22,80.25,80.54,84.16,79.96,4453,51613350.0,5.23,0.36,0.29,2.51,78.25399999999999,79.218,74.99233333333333,70.41183333333333
2021-07-23,79.3,81.01,83.01,76.8,5375,61080866.0,7.71,0.58,0.47,3.03,79.148,79.096,75.43800000000002,70.92583333333333
2021-07-26,81.09,75.51,81.09,74.13,7117,77811013.0,8.59,-6.79,-5.5,4.01,78.884,78.185,75.70700000000001,71.33416666666666
2021-07-27,76.8,73.48,76.8,72.74,4626,49067592.0,5.38,-2.69,-2.03,2.61,78.158,77.738,76.02466666666666,71.68966666666667
2021-07-28,72.24,73.26,75.31,68.81,4690,48659925.0,8.85,-0.3,-0.22,2.64,76.76,77.173,76.32400000000001,71.95216666666667
2021-07-29,73.27,76.66,78.09,73.27,3986,43479056.0,6.58,4.64,3.4,2.25,75.984,77.119,76.63166666666666,72.2285
2021-07-30,76.66,76.19,77.44,74.36,1387,15055157.0,4.02,-0.61,-0.47,0.78,75.02000000000001,77.084,76.90066666666667,72.479
2021-08-02,76.87,76.36,78.92,74.3,2632,28958791.0,6.06,0.22,0.17,1.48,75.19,77.037,77.117,72.78683333333333
2021-08-03,75.13,75.01,78.37,74.3,3438,37227438.0,5.33,-1.77,-1.35,1.94,75.49600000000001,76.82700000000001,77.17599999999999,73.06133333333332
2021-08-04,75.72,80.26,80.61,75.11,3010,33627453.0,7.33,7.0,5.25,1.7,76.896,76.828,77.48666666666666,73.4085
2021-08-05,80.01,81.28,82.3,78.23,3324,38184703.0,5.07,1.27,1.02,1.87,77.82000000000001,76.902,77.874,73.732
2021-08-06,81.21,80.15,81.44,78.82,2026,23040443.0,3.22,-1.39,-1.13,1.14,78.612,76.816,78.07866666666668,74.063
2021-08-09,80.96,79.38,81.06,79.16,2011,22874856.0,2.37,-0.96,-0.77,1.13,79.21600000000001,77.203,78.08333333333333,74.2965
2021-08-10,79.3,82.07,82.26,78.66,2235,25550769.0,4.54,3.39,2.69,1.26,80.62800000000001,78.062,78.18900000000001,74.557
2021-08-11,81.83,81.62,82.87,80.22,2013,23416585.0,3.23,-0.55,-0.45,1.14,80.9,78.898,78.34966666666668,74.7675
2021-08-12,82.09,82.87,84.01,81.25,1569,18408437.0,3.38,1.53,1.25,0.88,81.218,79.519,78.58866666666667,74.99749999999999
2021-08-13,81.64,82.16,83.59,80.73,2562,29891253.0,3.45,-0.86,-0.71,1.45,81.61999999999999,80.116,78.83699999999999,75.18083333333333
2021-08-16,80.85,76.91,81.15,75.09,8259,91149755.0,7.38,-6.39,-5.25,4.66,81.126,80.17099999999999,78.777,75.30250000000001
2021-08-17,76.44,76.7,77.46,73.66,2333,25156337.0,4.94,-0.27,-0.21,1.32,80.05199999999999,80.34,78.77399999999999,75.44350000000001
2021-08-18,75.99,76.21,76.87,74.01,1680,18037863.0,3.73,-0.64,-0.49,0.95,78.97,79.935,78.645,75.48283333333333
2021-08-19,76.21,76.03,77.16,74.01,1691,18459490.0,4.13,-0.24,-0.18,0.95,77.602,79.41,78.51,75.529
2021-08-20,75.8,72.51,75.8,68.59,9768,99866664.0,9.48,-4.63,-3.52,5.51,75.672,78.646,78.18599999999999,75.51466666666667
2021-08-23,72.46,69.66,72.46,67.9,6919,68836627.0,6.29,-3.93,-2.85,3.9,74.22200000000001,77.674,77.68733333333333,75.48183333333333
2021-08-24,68.84,63.9,69.56,61.14,10083,93108805.0,12.09,-8.27,-5.76,5.69,71.662,75.857,77.219,75.23516666666666
2021-08-25,62.94,65.17,66.11,62.31,5605,52066169.0,5.95,1.99,1.27,3.16,69.454,74.212,76.761,75.03933333333333
2021-08-26,66.09,64.98,67.07,61.52,10297,95278315.0,8.52,-0.29,-0.19,5.56,67.244,72.423,76.35366666666667,74.98049999999999
2021-08-27,66.36,65.06,71.44,64.31,9997,96205905.0,10.97,0.12,0.08,5.4,65.75399999999999,70.713,75.971,74.90666666666667
2021-08-30,66.23,62.09,66.23,61.72,7078,63754144.0,6.93,-4.57,-2.97,3.82,64.24000000000001,69.23100000000001,75.47966666666667,74.7325
2021-08-31,60.87,63.7,65.37,59.3,8383,74556846.0,9.78,2.59,1.61,4.53,64.2,67.931,75.03266666666667,74.61699999999999
2021-09-01,62.95,64.8,65.93,61.75,4613,42007177.0,6.56,1.73,1.1,2.49,64.126,66.78999999999999,74.51766666666667,74.54033333333334
2021-09-02,64.41,65.02,67.62,63.59,4555,42948144.0,6.22,0.34,0.22,2.46,64.13399999999999,65.689,74.00033333333334,74.49633333333334
2021-09-03,65.01,65.21,68.49,64.87,4356,41290151.0,5.57,0.29,0.19,2.35,64.164,64.959,73.47366666666667,74.45583333333335
2021-09-06,64.3,66.59,67.58,63.74,3429,32679491.0,5.89,2.12,1.38,1.85,65.064,64.652,73.17633333333333,74.44166666666666
2021-09-07,67.8,66.68,67.8,64.69,3179,29821637.0,4.67,0.14,0.09,1.72,65.66,64.93,72.94966666666667,74.48716666666665
2021-09-08,66.89,65.61,67.01,64.41,2409,22599119.0,3.9,-1.6,-1.07,1.3,65.822,64.974,72.69466666666668,74.50933333333334
2021-09-09,64.87,65.73,66.59,64.09,1369,12870327.0,3.81,0.18,0.12,0.74,65.96400000000001,65.049,72.33033333333334,74.481
2021-09-10,65.81,64.5,66.39,63.23,3358,30996100.0,4.81,-1.87,-1.23,1.81,65.822,64.99300000000001,71.94066666666667,74.42066666666666
2021-09-13,65.15,64.57,65.15,63.84,1274,11742564.0,2.03,0.11,0.07,0.69,65.418,65.241,71.54766666666666,74.33233333333332
2021-09-14,63.62,65.91,66.89,63.62,2343,21888370.0,5.06,2.08,1.34,1.27,65.264,65.462,71.24433333333333,74.21016666666667
2021-09-15,65.9,61.43,66.42,60.01,6943,62121779.0,9.73,-6.8,-4.48,3.75,64.428,65.125,70.61666666666666,74.05166666666666
2021-09-16,61.49,59.03,62.48,58.3,5020,43036615.0,6.8,-3.91,-2.4,2.71,63.088,64.526,69.875,73.87449999999998
2021-09-17,59.5,71.11,71.11,57.87,9579,88699946.0,22.43,20.46,12.08,5.17,64.41,65.116,69.57366666666667,73.82616666666668
2021-09-22,68.85,70.41,73.48,66.81,8550,85824935.0,9.38,-0.98,-0.7,4.62,65.578,65.498,69.27466666666666,73.679
2021-09-23,73.44,69.51,73.44,68.94,2406,23991002.0,6.39,-1.28,-0.9,1.3,66.298,65.78099999999999,68.856,73.52250000000001
2021-09-24,70.09,70.33,71.41,68.06,1584,15858515.0,4.82,1.18,0.82,0.86,68.078,66.253,68.47966666666666,73.41466666666666
2021-09-27,69.43,71.48,72.8,68.94,4617,47097585.0,5.49,1.64,1.15,2.49,70.568,66.828,68.1,73.34433333333332
2021-09-28,72.01,76.12,77.15,70.05,5380,56862725.0,9.93,6.49,4.64,2.91,71.57000000000001,67.99,67.89866666666667,73.36783333333332
2021-09-29,75.59,74.28,81.09,74.16,7871,87349031.0,9.1,-2.42,-1.84,4.25,72.34400000000001,68.961,67.811,73.29400000000001
2021-09-30,75.76,76.8,79.93,73.73,4571,50303072.0,8.35,3.39,2.52,2.47,73.80199999999999,70.05,67.81433333333334,73.29416666666665
2021-10-08,78.16,69.78,78.59,69.22,8249,84981441.0,12.2,-9.14,-7.02,4.46,73.692,70.885,67.6,73.1225
2021-10-11,70.06,67.87,71.28,67.51,5215,51647080.0,5.4,-2.74,-1.91,2.82,72.97,71.769,67.328,72.91900000000001
2021-10-12,67.24,68.73,71.91,67.24,3992,39764312.0,6.88,1.27,0.86,2.16,71.492,71.531,67.20200000000001,72.69399999999999
2021-10-13,68.59,69.89,71.44,67.23,2921,28907496.0,6.13,1.69,1.16,1.58,70.614,71.47900000000001,67.20966666666666,72.4485
2021-10-14,69.91,70.39,71.09,68.33,2720,27138380.0,3.95,0.72,0.5,1.47,69.332,71.56700000000001,67.426,72.3225
2021-10-15,69.33,70.35,70.84,67.93,3672,36283268.0,4.13,-0.06,-0.04,1.98,69.446,71.569,67.59866666666667,72.17983333333333
2021-10-18,70.21,68.94,70.37,66.46,2703,26347368.0,5.56,-2.0,-1.41,1.46,69.66,71.315,67.73066666666666,72.04216666666667
2021-10-19,68.41,67.93,69.55,67.6,1501,14619513.0,2.83,-1.47,-1.01,0.81,69.5,70.49600000000001,67.82633333333334,71.89866666666667
2021-10-20,69.0,66.86,69.14,66.52,986,9442034.0,3.86,-1.58,-1.07,0.53,68.894,69.75399999999999,67.98533333333333,71.73250000000002
2021-10-21,67.15,67.79,68.32,64.66,4065,38418981.0,5.47,1.39,0.93,2.2,68.374,68.85300000000001,68.12166666666667,71.57716666666667
2021-10-22,67.63,66.44,67.91,66.11,1067,10220727.0,2.66,-1.99,-1.35,0.58,67.592,68.51899999999999,68.17633333333333,71.347
2021-10-25,66.44,66.18,67.14,65.57,848,8048396.0,2.36,-0.39,-0.26,0.46,67.03999999999999,68.35,68.215,71.10766666666667
2021-10-26,66.84,65.81,66.84,63.59,2073,19276523.0,4.91,-0.56,-0.37,1.12,66.616,68.05799999999999,68.235,70.85433333333332
2021-10-27,66.23,64.85,66.23,63.23,1991,18281599.0,4.56,-1.46,-0.96,1.08,66.21400000000001,67.554,68.17699999999999,70.67666666666668
2021-10-28,65.72,68.79,69.87,65.1,3035,29706582.0,7.36,6.08,3.94,1.64,66.41400000000002,67.394,68.24733333333333,70.5985
2021-10-29,67.48,65.26,69.21,63.94,4711,44090817.0,7.66,-5.13,-3.53,2.54,66.17800000000001,66.885,68.23566666666667,70.46516666666666
2021-11-01,64.38,64.47,64.47,63.29,1304,11936601.0,1.81,-1.21,-0.79,0.7,65.836,66.438,68.19366666666666,70.262
2021-11-02,64.47,60.35,64.47,60.25,2759,24534634.0,6.55,-6.39,-4.12,1.49,64.744,65.67999999999999,68.05533333333334,69.998
2021-11-03,61.06,62.06,63.46,60.76,1947,17337386.0,4.47,2.83,1.71,1.05,64.186,65.20000000000002,67.97166666666666,69.75966666666666
2021-11-04,62.0,61.85,63.16,60.98,1816,16128610.0,3.51,-0.34,-0.21,0.98,62.798,64.606,67.83633333333334,69.54033333333334
2021-11-05,61.86,60.01,62.58,60.01,2241,19570888.0,4.16,-2.97,-1.84,1.21,61.748000000000005,63.96300000000001,67.789,69.20283333333333
2021-11-08,61.36,60.96,61.94,58.59,2621,22631542.0,5.58,1.58,0.95,1.42,61.04600000000001,63.440999999999995,67.85333333333332,68.86416666666668
2021-11-09,60.79,60.01,61.57,59.73,2866,24869534.0,3.02,-1.56,-0.95,1.55,60.977999999999994,62.861000000000004,67.48333333333333,68.5285
2021-11-10,59.41,60.14,61.09,59.41,1189,10266016.0,2.8,0.22,0.13,0.64,60.593999999999994,62.39,67.141,68.20783333333334
2021-11-11,60.71,63.84,64.85,59.69,3529,31808394.0,8.58,6.15,3.7,1.91,60.992,61.894999999999996,66.952,67.90400000000001
2021-11-12,64.3,67.12,69.19,62.96,4693,45250371.0,9.76,5.14,3.28,2.53,62.41400000000001,62.080999999999996,66.845,67.66233333333334
2021-11-15,68.45,68.91,70.73,67.55,4687,46650265.0,4.74,2.67,1.79,2.53,64.00399999999999,62.525,66.75933333333334,67.42966666666666
2021-11-16,70.64,69.09,73.24,67.54,3191,31995003.0,8.27,0.26,0.18,1.72,65.82000000000001,63.399,66.525,67.21183333333333
2021-11-17,69.07,69.34,71.19,68.61,2606,26002417.0,3.73,0.36,0.25,1.41,67.66000000000001,64.127,66.36033333333333,67.08566666666667
2021-11-18,69.21,68.33,70.01,67.16,2235,21873784.0,4.11,-1.46,-1.01,1.21,68.558,64.775,66.078,66.94616666666667
2021-11-19,68.52,70.1,71.06,68.07,3816,38270952.0,4.38,2.59,1.77,2.06,69.154,65.78399999999999,66.08866666666667,66.84433333333332
2021-11-22,70.62,72.81,74.43,68.92,4674,48562042.0,7.86,3.87,2.71,2.52,69.934,66.96900000000001,66.25333333333333,66.79066666666667
2021-11-23,73.49,71.04,73.49,70.09,3064,31165345.0,4.67,-2.43,-1.77,1.66,70.324,68.072,66.33033333333333,66.76616666666666
2021-11-24,71.93,71.84,77.14,71.18,4654,49293621.0,8.39,1.13,0.8,2.51,70.824,69.242,66.39533333333334,66.8025
2021-11-25,70.8,72.8,75.01,70.8,2834,29665952.0,5.86,1.34,0.96,1.53,71.71799999999999,70.138,66.47566666666667,66.95083333333334
2021-11-26,72.8,69.68,73.55,67.92,6495,65117844.0,7.73,-4.29,-3.12,3.51,71.634,70.394,66.45333333333333,67.026
2021-11-29,69.59,69.21,72.11,67.71,3975,39135808.0,6.31,-0.67,-0.47,2.15,70.91400000000002,70.424,66.46233333333333,67.0965
2021-11-30,69.3,67.61,70.01,66.63,3794,37133867.0,4.88,-2.31,-1.6,2.05,70.228,70.276,66.45166666666667,67.139
2021-12-01,68.22,66.09,68.26,65.94,2839,27065168.0,3.43,-2.25,-1.52,1.53,69.078,69.951,66.426,67.20566666666667
2021-12-02,66.16,65.12,66.9,64.86,2809,26271090.0,3.09,-1.47,-0.97,1.52,67.542,69.63,66.337,67.22933333333333
2021-12-03,65.72,63.55,66.0,62.89,4586,42029231.0,4.78,-2.41,-1.57,2.48,66.316,68.975,66.24066666666667,67.2085
2021-12-06,63.14,62.73,64.66,62.17,2837,25705297.0,3.92,-1.29,-0.82,1.53,65.02,67.967,66.12566666666666,67.17033333333333
2021-12-07,62.31,62.07,63.24,61.56,1592,14149501.0,2.68,-1.05,-0.66,0.86,63.912,67.07000000000001,66.001,67.11800000000001
2021-12-08,63.94,64.75,67.16,63.3,4603,42727810.0,6.22,4.32,2.68,2.49,63.64399999999999,66.361,65.99766666666667,67.08733333333333
2021-12-09,65.21,66.95,68.59,64.64,5918,56340857.0,6.1,3.4,2.2,3.2,64.00999999999999,65.776,65.93633333333334,67.09183333333334
2021-12-10,66.95,67.68,68.59,65.84,5623,54434431.0,4.11,1.09,0.73,3.04,64.83600000000001,65.576,66.017,67.12633333333333
2021-12-13,68.43,67.37,68.43,66.44,2039,19582078.0,2.94,-0.46,-0.31,1.1,65.76400000000001,65.392,66.11366666666667,67.15366666666667
2021-12-14,67.57,65.58,68.51,65.55,2379,22750927.0,4.39,-2.66,-1.79,1.29,66.46600000000001,65.18900000000001,66.288,67.17166666666667
2021-12-15,66.94,65.68,67.51,64.66,2213,20871581.0,4.35,0.15,0.1,1.2,66.65200000000002,65.148,66.40866666666666,67.19016666666667
2021-12-16,65.64,64.94,66.94,63.74,2329,21702777.0,4.87,-1.13,-0.74,1.26,66.25000000000001,65.13000000000001,66.51166666666667,67.174
2021-12-17,65.98,63.91,66.36,62.96,2242,20508018.0,5.24,-1.59,-1.03,1.21,65.49600000000001,65.166,66.64166666666667,67.21533333333333
2021-12-20,64.44,64.49,67.21,63.23,3308,30829490.0,6.23,0.91,0.58,1.79,64.92,65.34200000000001,66.75933333333334,67.30633333333334
2021-12-21,64.85,63.5,65.62,63.04,2008,18383587.0,4.0,-1.54,-0.99,1.08,64.50399999999999,65.485,66.87566666666667,67.1795
2021-12-22,63.94,63.91,64.66,62.65,1925,17460362.0,3.17,0.65,0.41,1.04,64.15,65.401,67.00133333333333,67.07116666666667
2021-12-23,63.89,61.98,63.91,61.81,2305,20580954.0,3.29,-3.02,-1.93,1.25,63.55799999999999,64.904,66.93933333333334,66.94566666666667
2021-12-24,62.05,60.52,62.79,60.37,2544,22291262.0,3.9,-2.36,-1.46,1.37,62.879999999999995,64.188,66.71933333333332,66.78216666666667
2021-12-27,60.14,61.14,61.44,59.3,2530,21847899.0,3.54,1.02,0.62,1.37,62.21,63.565,66.46033333333334,66.60983333333333
2021-12-28,62.01,62.74,65.41,60.73,4174,37547636.0,7.65,2.62,1.6,2.25,62.05800000000001,63.28099999999999,66.24866666666667,66.38683333333333
2021-12-29,63.56,60.97,63.66,60.73,1754,15526288.0,4.67,-2.82,-1.77,0.95,61.470000000000006,62.81,65.96966666666667,66.165
2021-12-30,61.16,64.17,64.6,60.11,4511,40802619.0,7.36,5.25,3.2,2.44,61.908,62.73299999999999,65.83099999999999,65.9545
2021-12-31,64.13,65.8,65.9,63.61,5146,47920987.0,3.57,2.54,1.63,2.78,62.964,62.922000000000004,65.68766666666667,65.88816666666666
2022-01-04,65.2,61.12,65.26,60.73,6426,57495141.0,6.88,-7.11,-4.68,3.47,62.96,62.585,65.298,65.77566666666667
2022-01-05,62.37,62.88,63.92,59.71,6088,54387106.0,6.89,2.88,1.76,3.29,62.988,62.523,65.02600000000001,65.67816666666667
2022-01-06,61.59,65.8,69.68,61.59,11266,106561130.0,12.87,4.64,2.92,6.09,63.95399999999999,62.712,64.82466666666667,65.61
2022-01-07,65.94,65.19,68.5,63.37,5322,49742673.0,7.8,-0.93,-0.61,2.87,64.15799999999999,63.032999999999994,64.571,65.52333333333334
2022-01-10,64.66,65.64,67.21,63.94,3426,32268623.0,5.02,0.69,0.45,1.85,64.126,63.545,64.43633333333334,65.44483333333334
2022-01-11,66.05,63.31,66.05,63.29,2520,23270619.0,4.2,-3.55,-2.33,1.36,64.564,63.762,64.23966666666666,65.35100000000001
2022-01-12,63.31,63.6,66.07,62.96,4505,41459115.0,4.91,0.46,0.29,2.43,64.708,63.848,64.10600000000001,65.27883333333334
2022-01-13,63.12,62.61,63.95,62.56,2401,21700238.0,2.19,-1.56,-0.99,1.3,64.07000000000001,64.012,63.99,65.208
2022-01-14,63.49,63.06,64.3,62.29,2953,26780494.0,3.21,0.72,0.45,1.6,63.644000000000005,63.900999999999996,63.92133333333333,65.12916666666666
2022-01-17,62.22,65.02,65.36,61.12,4113,37526976.0,6.72,3.11,1.96,2.22,63.52,63.823,63.970333333333336,65.1055
2022-01-18,64.05,63.36,65.0,61.37,3610,32590816.0,5.58,-2.55,-1.66,1.95,63.53000000000001,64.047,63.99133333333334,65.0585
2022-01-19,62.28,60.68,62.88,60.51,4044,35538341.0,3.74,-4.23,-2.68,2.18,62.946000000000005,63.827,63.94500000000001,64.973
2022-01-20,60.66,62.25,62.85,59.07,5663,49577004.0,6.23,2.59,1.57,3.06,62.874,63.472,63.86166666666667,64.92966666666668
2022-01-21,61.67,60.39,61.67,59.85,1619,14025790.0,2.92,-2.99,-1.86,0.87,62.339999999999996,62.992,63.643,64.78966666666666
2022-01-24,60.94,58.44,60.99,57.49,2959,25124509.0,5.8,-3.23,-1.95,1.6,61.024,62.27199999999999,63.335,64.676
2022-01-25,58.11,52.36,58.24,51.41,11697,90312630.0,11.69,-10.4,-6.08,6.32,58.824,61.177,62.834666666666664,64.47416666666668
2022-01-26,51.45,51.71,54.44,50.44,8186,61089719.0,7.64,-1.24,-0.65,4.42,57.029999999999994,59.988,62.37233333333333,64.33016666666667
2022-01-27,51.36,49.8,52.16,49.09,3608,26159058.0,5.94,-3.69,-1.91,1.95,54.54,58.706999999999994,61.842999999999996,64.12583333333333
2022-01-28,49.93,50.26,52.09,49.47,2409,17589977.0,5.26,0.92,0.46,1.3,52.513999999999996,57.427,61.35366666666666,63.93266666666667
2022-02-07,52.14,49.16,52.14,48.69,3226,23023030.0,6.86,-2.19,-1.1,1.74,50.658,55.840999999999994,60.861999999999995,63.75183333333334
2022-02-08,49.16,50.01,51.97,48.04,4691,33532010.0,7.99,1.73,0.85,2.53,50.188,54.50599999999999,60.37933333333333,63.56933333333334
2022-02-09,50.11,49.01,50.11,47.83,3988,27804691.0,4.56,-2.0,-1.0,2.15,49.647999999999996,53.339,59.89633333333333,63.385999999999996
2022-02-10,49.62,47.04,49.62,45.81,5773,38986174.0,7.77,-4.02,-1.97,3.12,49.096000000000004,51.818,59.333999999999996,63.16766666666667
2022-02-11,46.01,44.54,46.79,44.31,4269,28027784.0,5.27,-5.31,-2.5,2.31,47.952,50.233,58.75266666666666,62.846
2022-02-14,45.34,46.39,47.28,43.96,6180,41299372.0,7.45,4.15,1.85,3.34,47.397999999999996,49.028,58.281666666666666,62.5005
2022-02-15,45.36,50.25,53.34,45.36,9340,67785122.0,17.2,8.32,3.86,5.04,47.446,48.81699999999999,57.91866666666667,62.1895
2022-02-16,50.25,50.11,52.51,48.87,6650,48438841.0,7.24,-0.28,-0.14,3.59,47.666000000000004,48.657,57.49766666666666,61.87316666666666
2022-02-17,51.29,51.79,52.54,49.66,4897,36156668.0,5.75,3.35,1.68,2.65,48.616,48.855999999999995,57.19166666666667,61.58066666666666
2022-02-18,51.73,51.61,52.72,49.79,6773,50103241.0,5.66,-0.35,-0.18,3.66,50.029999999999994,48.991,56.773,61.302
2022-02-21,51.44,51.99,52.76,50.38,4460,33136906.0,4.61,0.74,0.38,2.41,51.15,49.274,56.312666666666665,61.00016666666667
2022-02-22,51.73,51.42,52.26,50.03,4048,29780349.0,4.29,-1.1,-0.57,2.19,51.384,49.415000000000006,55.989333333333335,60.64366666666667
2022-02-23,51.3,52.87,52.91,50.74,5072,37999996.0,4.22,2.82,1.45,2.74,51.936,49.801,55.65566666666666,60.340833333333336
2022-02-24,51.95,49.89,52.56,49.3,4026,29483093.0,6.17,-5.64,-2.98,2.17,51.556,50.086,55.12533333333333,59.975
2022-02-25,50.91,50.04,53.59,49.96,11218,83124949.0,7.28,0.3,0.15,6.06,51.242,50.636,54.620333333333335,59.59566666666667
2022-02-28,49.3,52.16,52.51,48.59,14057,104205415.0,7.83,4.24,2.12,2.67,51.275999999999996,51.213,54.17100000000001,59.303666666666665
2022-03-01,51.45,51.19,53.19,51.06,5332,39757695.0,4.08,-1.86,-0.97,1.01,51.23,51.307,53.767,59.00333333333333
2022-03-02,51.09,50.19,51.34,49.36,6698,48311415.0,3.87,-1.95,-1.0,1.27,50.693999999999996,51.315,53.32,58.713
2022-03-03,49.34,50.89,50.94,48.94,6156,44399352.0,3.98,1.39,0.7,1.17,50.894,51.225,52.92933333333334,58.459666666666664
2022-03-04,50.66,52.73,53.9,49.9,7493,56786443.0,7.86,3.62,1.84,1.42,51.431999999999995,51.337,52.58500000000001,58.253166666666665
2022-03-07,51.91,53.0,55.2,51.87,11027,85555998.0,6.32,0.51,0.27,2.09,51.6,51.438,52.18433333333334,58.07733333333333
2022-03-08,53.88,52.79,54.9,52.51,6489,50086316.0,4.51,-0.4,-0.21,1.23,51.92,51.575,51.832,57.91166666666666
2022-03-09,54.68,54.58,55.0,50.24,7370,56297788.0,9.02,3.39,1.79,1.4,52.798,51.745999999999995,51.62866666666666,57.78683333333333
2022-03-10,55.37,56.01,58.92,55.37,12554,102855047.0,6.5,2.62,1.43,2.38,53.822,52.35799999999999,51.42066666666666,57.64116666666666
2022-03-11,55.73,55.94,56.44,53.23,8954,70462971.0,5.73,-0.12,-0.07,1.7,54.464,52.948,51.272333333333336,57.45766666666667
2022-03-14,52.16,50.2,52.84,46.44,18207,126918272.0,11.44,-10.26,-5.74,3.45,53.903999999999996,52.751999999999995,50.99766666666667,57.166333333333334
2022-03-15,48.94,47.01,50.55,45.74,9554,65952018.0,9.58,-6.35,-3.19,1.81,52.748000000000005,52.334,50.81933333333334,56.827
2022-03-16,47.01,46.48,47.32,42.16,6860,44450952.0,10.98,-1.13,-0.53,1.3,51.128,51.963,50.644999999999996,56.50866666666666
2022-03-17,46.48,47.75,49.9,46.26,7125,49283010.0,7.83,2.73,1.27,1.35,49.476,51.649,50.576666666666675,56.209833333333336
2022-03-18,47.16,47.78,48.44,47.14,1847,12735415.0,2.72,0.06,0.03,0.35,47.844,51.153999999999996,50.49400000000001,55.92383333333333
2022-03-21,47.05,47.34,47.77,45.99,4035,27257275.0,3.73,-0.92,-0.44,0.77,47.272,50.588,50.43333333333333,55.647666666666666
2022-03-22,48.41,47.93,48.89,47.16,4885,33929588.0,3.65,1.25,0.59,0.93,47.456,50.102,50.364000000000004,55.37166666666666
2022-03-23,47.91,47.16,49.01,46.66,4029,27715777.0,4.9,-1.61,-0.77,0.76,47.592,49.36,50.30233333333333,55.099333333333334
2022-03-24,47.31,47.87,48.42,45.93,4276,29045981.0,5.28,1.51,0.71,0.81,47.616,48.546,50.330000000000005,54.832
2022-03-25,47.86,47.02,49.1,47.02,4030,27882466.0,4.35,-1.78,-0.85,0.76,47.464,47.654,50.412666666666674,54.58266666666667
2022-03-28,46.94,47.76,48.5,46.2,3116,21460579.0,4.89,1.57,0.74,0.59,47.548,47.410000000000004,50.458333333333336,54.37
2022-03-29,48.21,46.97,48.59,46.59,2229,15202786.0,4.19,-1.65,-0.79,0.42,47.355999999999995,47.406,50.349000000000004,54.133833333333335
2022-03-30,46.45,48.14,48.5,46.45,3526,24254027.0,4.36,2.49,1.17,0.67,47.552,47.572,50.28333333333333,53.890499999999996
2022-03-31,47.41,49.36,49.46,47.41,3359,23541886.0,4.26,2.53,1.22,0.64,47.85,47.733,50.20233333333333,53.697
2022-04-01,50.01,50.59,52.81,48.59,6763,49375670.0,8.55,2.49,1.23,1.28,48.564,48.013999999999996,50.16833333333333,53.47066666666667
2022-04-06,50.59,50.8,50.94,49.31,2070,14995225.0,3.22,0.42,0.21,0.39,49.172000000000004,48.36,50.12866666666666,53.220666666666666
2022-04-07,50.48,50.97,51.69,50.04,2951,21641353.0,3.25,0.33,0.17,0.56,49.971999999999994,48.664,50.11366666666666,53.051500000000004
2022-04-08,52.79,50.26,52.79,49.66,2094,15138647.0,6.14,-1.39,-0.71,0.4,50.396,48.974000000000004,50.026666666666664,52.841166666666666
2022-04-11,49.39,47.93,50.18,47.31,6193,43130435.0,5.71,-4.64,-2.33,1.17,50.11,48.980000000000004,49.96133333333333,52.54333333333334
2022-04-12,47.89,51.91,52.24,47.01,4313,31201408.0,10.91,8.3,3.98,0.82,50.373999999999995,49.468999999999994,50.02366666666667,52.322
2022-04-13,51.09,50.14,51.86,49.66,1904,13803454.0,4.24,-3.41,-1.77,0.36,50.242,49.707,49.956333333333326,52.06366666666666
2022-04-14,50.94,51.91,52.83,50.44,4751,35529296.0,4.77,3.53,1.77,0.9,50.42999999999999,50.201,49.980333333333334,51.87366666666666
2022-04-15,52.59,52.06,52.59,49.02,3685,26957998.0,6.88,0.29,0.15,0.7,50.79,50.593,50.04266666666667,51.681333333333335
2022-04-18,51.09,52.86,53.23,49.57,4699,34979633.0,7.03,1.54,0.8,0.89,51.775999999999996,50.943,50.108333333333334,51.518833333333326
2022-04-19,51.66,52.12,53.27,51.66,1314,9873238.0,3.05,-1.4,-0.74,0.25,51.818,51.096,50.087999999999994,51.336499999999994
2022-04-20,51.66,51.46,52.19,50.73,1171,8672101.0,2.8,-1.27,-0.66,0.22,52.08200000000001,51.16199999999999,50.03666666666666,51.110499999999995
2022-04-21,51.12,50.54,51.78,49.61,1794,13001874.0,4.22,-1.79,-0.92,0.34,51.80799999999999,51.119,49.961666666666666,50.89683333333333
2022-04-22,49.94,49.3,50.44,48.66,1309,9362805.0,3.52,-2.45,-1.24,0.25,51.25599999999999,51.023,49.785666666666664,50.707166666666666
2022-04-25,48.59,50.41,50.94,46.45,3216,22873499.0,9.11,2.25,1.11,0.61,50.766,51.271,49.599000000000004,50.509833333333326
2022-04-26,50.41,53.23,55.51,49.86,6276,48237863.0,11.21,5.59,2.82,1.19,50.988,51.403,49.50866666666666,50.390499999999996
2022-04-27,51.09,53.75,54.51,51.09,9903,75867742.0,6.42,0.98,0.52,1.88,51.446000000000005,51.763999999999996,49.626999999999995,50.31233333333333
2022-04-28,53.95,50.81,53.95,50.74,7017,52836686.0,5.97,-5.47,-2.94,1.33,51.5,51.653999999999996,49.75366666666666,50.2865
2022-04-29,51.13,53.58,53.59,51.13,6291,47836806.0,4.84,5.45,2.77,1.19,52.355999999999995,51.806,49.99033333333333,50.31766666666667
2022-05-05,53.52,54.61,54.62,52.37,9853,75830116.0,4.2,1.92,1.03,1.87,53.196000000000005,51.980999999999995,50.21900000000001,50.39783333333333
2022-05-06,52.39,54.51,54.94,52.18,7303,56821105.0,5.05,-0.18,-0.1,1.39,53.452,52.21999999999999,50.443333333333335,50.468666666666664
2022-05-09,52.87,53.09,54.41,52.73,9341,71982734.0,3.08,-2.61,-1.42,1.77,53.31999999999999,52.383,50.635,50.53416666666667
2022-05-10,52.77,56.08,56.3,52.23,9934,77655025.0,7.67,5.63,2.99,1.88,54.374,52.937,50.90666666666666,50.63533333333333
2022-05-11,55.68,55.28,56.86,55.09,7907,63349877.0,3.16,-1.43,-0.8,1.5,54.714,53.535000000000004,51.17733333333334,50.73983333333333
2022-05-12,54.99,54.19,55.44,53.59,4954,38547919.0,3.35,-1.97,-1.09,0.94,54.629999999999995,53.913,51.388,50.859
2022-05-13,54.1,53.44,54.65,53.01,5244,40386256.0,3.03,-1.38,-0.75,0.99,54.416,53.934000000000005,51.602,51.007333333333335
2022-05-16,53.44,54.21,55.36,53.44,5119,40204003.0,3.59,1.44,0.77,0.97,54.64,53.98,51.817,51.13766666666666
2022-05-17,54.07,53.88,54.49,53.6,4313,33505490.0,1.64,-0.61,-0.33,0.82,54.2,54.287,52.04733333333333,51.198166666666665
2022-05-18,54.16,53.66,54.54,53.24,3125,24257959.0,2.41,-0.41,-0.22,0.59,53.876,54.295,52.23133333333333,51.257333333333335
2022-05-19,52.94,53.54,54.14,52.94,3153,24231109.0,2.24,-0.22,-0.12,0.6,53.746,54.188,52.370666666666665,51.286500000000004
2022-05-20,53.54,55.01,55.37,53.44,5116,40039207.0,3.6,2.75,1.47,0.97,54.06,54.238,52.518,51.34316666666667
2022-05-23,55.73,56.73,58.5,55.73,10946,89982748.0,5.04,3.13,1.72,2.08,54.564,54.602,52.71566666666667,51.42216666666666
2022-05-24,56.8,54.31,58.42,53.59,6986,54990782.0,8.51,-4.27,-2.42,1.33,54.65,54.425,52.827,51.470333333333336
2022-05-25,54.8,55.5,56.09,53.96,7728,61001698.0,3.92,2.19,1.19,1.47,55.01800000000001,54.447,53.001666666666665,51.51416666666667
2022-05-26,55.39,54.76,56.36,54.16,7400,58510066.0,3.96,-1.33,-0.74,1.4,55.262,54.504,53.22933333333333,51.59533333333333
2022-05-27,54.94,53.59,55.49,53.13,8584,66253452.0,4.31,-2.14,-1.17,1.63,54.977999999999994,54.519000000000005,53.285333333333334,51.6545
2022-05-30,53.59,56.39,56.74,52.46,11300,89508858.0,7.99,5.22,2.8,2.14,54.910000000000004,54.737,53.49366666666666,51.725
2022-05-31,56.39,56.52,57.09,55.39,7119,57253998.0,3.01,0.23,0.13,1.35,55.352,55.001,53.64733333333333,51.813833333333335
2022-06-01,56.23,57.13,58.17,56.23,5386,44116477.0,3.43,1.08,0.61,1.02,55.678,55.348,53.81633333333333,51.9295
2022-06-02,57.94,57.08,58.07,55.56,9679,78523916.0,4.39,-0.09,-0.05,1.84,56.14200000000001,55.702,53.957,52.032666666666664
2022-06-06,56.44,59.59,62.99,56.44,21366,185155537.0,11.48,4.4,2.51,4.05,57.342000000000006,56.160000000000004,54.206,52.147000000000006
2022-06-07,60.23,59.87,61.3,58.88,10979,93329123.0,4.06,0.47,0.28,2.08,58.038,56.474000000000004,54.48633333333333,52.2615
2022-06-08,59.59,60.16,61.64,58.94,7089,61097335.0,4.51,0.48,0.29,1.34,58.766000000000005,57.059000000000005,54.807,52.38433333333333
2022-06-09,59.64,59.41,60.46,58.79,7702,65545741.0,2.78,-1.25,-0.75,1.46,59.222,57.45,55.144,52.46483333333334
2022-06-10,59.33,61.95,62.09,57.64,13731,117541653.0,7.49,4.28,2.54,2.6,60.196000000000005,58.169000000000004,55.528666666666666,52.563833333333335
2022-06-13,60.98,60.16,61.34,59.64,6236,53824747.0,2.74,-2.89,-1.79,1.18,60.31,58.826,55.75966666666667,52.634166666666665
2022-06-14,59.6,59.8,61.02,58.16,6725,57085303.0,4.75,-0.6,-0.36,1.28,60.29600000000001,59.16700000000001,55.96133333333333,52.79416666666667
2022-06-15,59.8,61.1,62.27,59.38,4737,41193441.0,4.83,2.17,1.3,0.9,60.484,59.625,56.30433333333333,53.028999999999996
2022-06-16,61.11,65.16,65.66,60.39,12673,115652451.0,8.63,6.64,4.06,2.4,61.63399999999999,60.428,56.690333333333335,53.340333333333334
2022-06-17,64.59,65.51,66.09,62.17,13089,120334972.0,6.02,0.54,0.35,2.48,62.346000000000004,61.271,57.053666666666665,53.63633333333333
2022-06-20,65.51,65.09,65.58,63.31,9667,88799140.0,3.47,-0.64,-0.42,1.83,63.331999999999994,61.82099999999999,57.40633333333333,53.92483333333334
2022-06-21,65.09,64.81,65.09,64.02,5948,54656573.0,1.64,-0.43,-0.28,1.13,64.334,62.315,57.797000000000004,54.216
2022-06-22,64.74,63.2,65.09,63.16,6063,55036751.0,2.98,-2.48,-1.61,1.15,64.75399999999999,62.61900000000001,58.03433333333334,54.4705
2022-06-23,62.49,62.52,63.16,60.78,8111,72251746.0,3.77,-1.08,-0.68,1.54,64.22600000000001,62.93000000000001,58.275666666666666,54.726499999999994
2022-06-24,62.06,64.44,65.02,62.06,5999,54716364.0,4.73,3.07,1.92,1.14,64.012,63.178999999999995,58.617333333333335,55.00266666666666
2022-06-27,64.44,64.24,65.13,62.37,6712,61269340.0,4.28,-0.31,-0.2,1.27,63.842000000000006,63.587,58.977333333333334,55.28966666666667
2022-06-28,64.24,65.41,65.66,62.93,6216,57011904.0,4.25,1.82,1.17,1.18,63.962,64.148,59.35066666666667,55.58383333333334
2022-06-29,63.87,63.52,65.54,63.17,7237,66014832.0,3.62,-2.89,-1.89,1.37,64.02600000000001,64.39000000000001,59.672000000000004,55.85966666666666
2022-06-30,63.88,64.59,64.91,62.54,7381,67193984.0,3.73,1.68,1.07,1.4,64.44,64.333,60.03633333333333,56.133833333333335
2022-07-01,64.1,63.41,64.27,62.71,5746,51802347.0,2.42,-1.83,-1.18,1.09,64.234,64.123,60.36533333333333,56.368
2022-07-04,63.86,66.01,66.72,62.97,7132,66588562.0,5.91,4.1,2.6,1.35,64.588,64.215,60.732,56.625
2022-07-05,65.66,67.01,67.95,64.96,10958,104162781.0,4.53,1.51,1.0,2.08,64.908,64.435,61.074666666666666,56.89516666666667
2022-07-06,67.79,65.06,67.81,64.56,10604,100082960.0,4.85,-2.91,-1.95,2.01,65.216,64.62100000000001,61.433,57.129999999999995
2022-07-07,64.95,64.08,65.06,63.43,4974,45289647.0,2.51,-1.51,-0.98,0.94,65.114,64.777,61.71900000000001,57.36033333333333
2022-07-08,64.51,66.89,67.86,64.09,11319,107389371.0,5.88,4.39,2.81,2.15,65.80999999999999,65.022,62.123333333333335,57.67633333333333
2022-07-11,66.81,65.46,67.45,64.95,9110,85873914.0,3.74,-2.14,-1.43,1.73,65.7,65.144,62.519,57.902166666666666
2022-07-12,65.31,62.91,66.18,62.64,7220,65302268.0,5.41,-3.9,-2.55,1.37,64.88,64.894,62.73633333333334,58.115
2022-07-13,62.48,63.16,63.4,60.24,3805,33782642.0,5.02,0.4,0.25,0.72,64.5,64.85799999999999,62.95766666666667,58.3025
2022-07-14,63.08,65.51,66.5,62.66,7548,69913910.0,6.08,3.72,2.35,1.43,64.786,64.95,63.236999999999995,58.526666666666664
2022-07-15,65.45,63.16,65.45,62.69,8101,73463662.0,4.21,-3.59,-2.35,1.54,64.03999999999999,64.925,63.43966666666667,58.69833333333334
2022-07-18,63.82,62.67,63.82,62.04,2529,22636073.0,2.82,-0.78,-0.49,0.48,63.48199999999999,64.591,63.54233333333333,58.874166666666675
2022-07-19,62.52,62.94,63.29,61.75,4410,39071445.0,2.46,0.43,0.27,0.84,63.488,64.184,63.644666666666666,59.06550000000001
2022-07-20,63.55,63.29,65.16,62.5,3779,34426974.0,4.23,0.56,0.35,0.72,63.513999999999996,64.007,63.749,59.278000000000006
2022-07-21,63.2,63.58,64.59,62.1,4465,40761060.0,3.93,0.46,0.29,0.85,63.128,63.956999999999994,63.888000000000005,59.516
2022-07-22,63.06,62.95,64.31,62.36,3349,30108164.0,3.07,-0.99,-0.63,0.64,63.086,63.563,63.92133333333334,59.725
2022-07-25,63.38,66.65,67.03,63.36,15004,141258183.0,5.83,5.88,3.7,2.85,63.88199999999999,63.681999999999995,64.13766666666666,59.94866666666667
2022-07-26,67.44,65.78,67.45,65.04,6477,61038217.0,3.62,-1.31,-0.87,1.23,64.45,63.96900000000001,64.337,60.14916666666667
2022-07-27,66.31,67.66,68.36,65.22,13228,127100981.0,4.77,2.86,1.88,2.51,65.324,64.41900000000001,64.55566666666667,60.43
2022-07-28,68.31,68.0,68.52,65.94,9068,87324264.0,3.81,0.5,0.34,1.72,66.208,64.668,64.65033333333334,60.67033333333333
2022-07-29,67.95,67.31,67.96,65.46,7892,74688099.0,3.68,-1.01,-0.69,1.5,67.08,65.083,64.71033333333334,60.882
2022-08-01,67.1,65.41,67.96,65.13,8905,83590308.0,4.2,-2.82,-1.9,1.69,66.83200000000001,65.357,64.721,61.06366666666666
2022-08-02,65.66,63.54,65.66,62.66,6721,61125783.0,4.59,-2.86,-1.87,1.27,66.384,65.417,64.67866666666666,61.237833333333334
2022-08-03,63.56,63.61,65.65,63.39,4136,38001339.0,3.56,0.11,0.07,0.78,65.57399999999998,65.449,64.69233333333334,61.36333333333333
2022-08-04,64.47,62.99,64.88,62.62,3027,27441625.0,3.55,-0.97,-0.62,0.57,64.572,65.39000000000001,64.708,61.49183333333334
2022-08-05,63.58,64.7,65.06,62.86,5138,46837500.0,3.49,2.71,1.71,0.97,64.05,65.565,64.71666666666667,61.667
2022-08-08,64.7,63.41,65.16,62.09,6282,56742715.0,4.74,-1.99,-1.29,1.19,63.65,65.24100000000001,64.68900000000001,61.83316666666666
2022-08-09,63.33,63.32,63.79,62.24,2018,18153277.0,2.44,-0.14,-0.09,0.38,63.60600000000001,64.995,64.61933333333333,61.985
2022-08-10,63.41,64.28,64.35,62.56,4693,42362182.0,2.83,1.52,0.96,0.89,63.739999999999995,64.657,64.64466666666667,62.15833333333333
2022-08-11,64.44,64.24,65.29,63.17,3771,34602070.0,3.3,-0.06,-0.04,0.72,63.989999999999995,64.28099999999999,64.633,62.334666666666664
2022-08-12,63.81,61.69,64.51,61.38,4760,42453498.0,4.87,-3.97,-2.55,0.9,63.388,63.71900000000001,64.57566666666666,62.4705
2022-08-15,61.69,62.52,63.16,59.66,7796,68232266.0,5.67,1.35,0.83,1.48,63.21,63.42999999999999,64.45933333333333,62.595666666666666
2022-08-16,62.29,62.27,63.04,61.74,2969,26428466.0,2.08,-0.4,-0.25,0.56,63.0,63.303,64.30133333333333,62.687999999999995
2022-08-17,62.36,62.24,63.09,61.82,1521,13514637.0,2.04,-0.05,-0.03,0.29,62.592,63.166,64.20733333333334,62.820166666666665
2022-08-18,62.24,63.09,63.52,61.74,2873,25735113.0,2.86,1.37,0.85,0.54,62.362,63.176,64.17433333333334,62.946666666666665
2022-08-19,63.3,63.32,64.59,62.37,4062,36803093.0,3.52,0.36,0.23,0.77,62.688,63.038,64.05533333333334,63.089333333333336
2022-08-22,62.71,61.99,62.81,61.02,3209,28279954.0,2.83,-2.1,-1.33,0.61,62.58200000000001,62.896,63.93966666666667,63.22933333333333
2022-08-23,61.74,61.59,62.55,60.74,2209,19377377.0,2.92,-0.65,-0.4,0.42,62.446000000000005,62.723,63.89566666666666,63.316
2022-08-24,61.06,59.66,61.59,58.92,2967,25434363.0,4.34,-3.13,-1.93,0.56,61.92999999999999,62.261,63.779,63.36833333333333
2022-08-25,63.7,66.24,66.56,60.95,22985,210689033.0,9.4,11.03,6.58,4.36,62.55999999999999,62.461,63.803333333333335,63.52016666666667
2022-08-26,66.63,64.35,70.2,63.88,19629,187996224.0,9.54,-2.85,-1.89,3.72,62.766,62.727,63.842999999999996,63.641333333333336
2022-08-29,64.45,62.77,65.07,61.98,7623,69012453.0,4.8,-2.46,-1.58,1.45,62.92199999999999,62.751999999999995,63.84633333333333,63.69433333333333
2022-08-30,62.14,62.36,63.38,61.4,4030,35922489.0,3.15,-0.65,-0.41,0.76,63.076,62.761,63.827000000000005,63.73583333333333
2022-08-31,62.16,62.46,63.74,61.17,5330,47647042.0,4.12,0.16,0.1,1.01,63.63599999999999,62.782999999999994,63.79933333333334,63.77416666666667
2022-09-01,62.39,62.17,63.79,61.76,3415,30528304.0,3.25,-0.46,-0.29,0.65,62.822,62.690999999999995,63.75233333333333,63.820166666666665
2022-09-02,61.45,63.88,64.51,61.38,7024,63331372.0,5.03,2.75,1.71,1.33,62.727999999999994,62.747,63.78333333333333,63.852333333333334
2022-09-05,65.18,63.1,66.21,62.15,5051,45898794.0,6.36,-1.22,-0.78,0.96,62.794000000000004,62.858000000000004,63.665,63.90133333333334
2022-09-06,62.74,63.84,65.22,61.39,7557,68774487.0,6.07,1.17,0.74,1.43,63.09000000000001,63.08299999999999,63.60033333333334,63.968666666666664
2022-09-07,63.82,66.24,67.24,63.16,12287,115277461.0,6.39,3.76,2.4,2.33,63.846000000000004,63.741,63.553,64.05433333333333
2022-09-08,66.63,66.38,66.74,64.89,4406,41381962.0,2.79,0.21,0.14,0.84,64.688,63.754999999999995,63.499,64.07466666666667
2022-09-09,67.45,70.95,71.0,65.76,23065,227228754.0,7.89,6.88,4.57,4.37,66.102,64.41499999999999,63.620333333333335,64.16533333333334
2022-09-13,71.74,73.81,75.36,70.31,27829,290364957.0,7.12,4.03,2.86,5.28,68.244,65.519,63.900333333333336,64.31066666666666
2022-09-14,72.86,74.89,76.01,71.02,18334,192517278.0,6.76,1.46,1.08,3.48,70.454,66.772,64.27866666666667,64.47866666666667
2022-09-15,74.87,73.41,75.31,72.84,16450,173939666.0,3.3,-1.98,-1.48,3.12,71.888,67.86699999999999,64.60533333333333,64.64883333333334
2022-09-16,74.29,77.31,82.09,73.53,33532,371330421.0,11.66,5.31,3.9,6.36,74.074,69.381,65.08266666666665,64.89533333333334
2022-09-19,78.21,76.41,78.88,75.48,36878,405528636.0,4.4,-1.16,-0.9,6.99,75.166,70.634,65.473,65.09483333333334
2022-09-20,77.56,77.42,80.13,76.49,30416,336694339.0,4.76,1.32,1.01,5.77,75.888,72.066,65.94,65.3145
2022-09-21,77.45,72.45,77.45,70.08,27979,290184486.0,9.52,-6.42,-4.97,5.31,75.4,72.92699999999999,66.24433333333334,65.43183333333333
2022-09-22,75.66,69.74,79.51,69.02,55035,584975448.0,14.48,-3.74,-2.71,10.44,74.666,73.277,66.42633333333333,65.5355
2022-09-23,68.88,65.31,68.88,62.81,35974,335055867.0,8.7,-6.35,-4.43,6.82,72.26599999999999,73.17,66.462,65.5475
2022-09-26,64.77,68.26,70.62,63.21,18708,181404607.0,11.35,4.52,2.95,3.55,70.636,72.901,66.681,65.62833333333333
2022-09-27,69.13,74.35,74.94,67.69,25043,258476108.0,10.62,8.92,6.09,4.75,70.022,72.95500000000001,67.07533333333333,65.76733333333333
2022-09-28,76.02,77.52,78.87,71.88,24785,270601409.0,9.4,4.26,3.17,4.7,71.036,73.21799999999999,67.58366666666667,65.94250000000001
2022-09-29,76.24,79.31,80.31,75.39,24764,278627913.0,6.35,2.31,1.79,4.7,72.95,73.80799999999999,68.15266666666666,66.18
2022-09-30,78.38,78.52,79.7,77.79,11041,123373909.0,2.41,-1.0,-0.79,2.09,75.592,73.929,68.66699999999999,66.42066666666668
2022-10-10,79.59,83.52,85.66,77.46,24875,292414449.0,10.44,6.37,5.0,4.72,78.644,74.64,69.34033333333333,66.69783333333334
2022-10-11,83.16,84.59,84.59,81.6,13928,164615991.0,3.58,1.28,1.07,2.64,80.692,75.357,70.09366666666666,67.01666666666667
2022-10-12,82.96,80.93,83.5,78.91,15607,178752346.0,5.43,-4.33,-3.66,2.96,81.374,76.205,70.73833333333333,67.317
2022-10-13,80.81,83.88,86.79,80.81,16401,195719899.0,7.39,3.65,2.95,3.11,82.288,77.619,71.54566666666668,67.66233333333334
2022-10-14,83.88,91.01,92.44,82.49,39138,493576125.0,11.86,8.5,7.13,7.42,84.786,80.189,72.37133333333333,68.08733333333333
2022-10-17,90.87,93.01,94.99,87.77,22512,289604267.0,7.93,2.2,2.0,4.27,86.684,82.664,73.32666666666667,68.58483333333334
2022-10-18,92.63,92.94,93.71,88.79,20763,267274958.0,5.29,-0.08,-0.07,3.94,88.354,84.523,74.33233333333334,69.08933333333333
2022-10-19,90.92,88.84,90.92,86.99,22800,285980668.0,4.23,-4.41,-4.1,4.32,89.936,85.655,75.21499999999999,69.521
2022-10-20,88.74,88.63,91.64,87.36,19394,246088551.0,4.82,-0.24,-0.21,3.68,90.886,86.58700000000002,76.08733333333333,69.94333333333334
2022-10-21,91.74,98.86,100.49,87.45,38608,510242014.0,14.71,11.54,10.23,7.32,92.456,88.621,77.31033333333333,70.53133333333334
2022-10-24,97.41,98.16,98.44,93.36,19640,267862487.0,5.14,-0.71,-0.7,3.73,93.48599999999999,90.08500000000001,78.453,71.11816666666667
2022-10-25,94.74,93.46,96.51,91.03,19069,252395542.0,5.58,-4.79,-4.7,3.62,93.59,90.972,79.46499999999999,71.565
2022-10-26,93.95,96.87,100.94,93.95,19735,271086776.0,7.48,3.65,3.41,3.74,95.196,92.566,80.566,72.08316666666666
2022-10-27,95.42,95.31,96.87,93.02,12822,171786105.0,3.97,-1.61,-1.56,2.43,96.532,93.709,81.535,72.54400000000001
2022-10-28,92.41,94.01,96.35,91.74,14797,196758682.0,4.84,-1.36,-1.3,2.81,95.562,94.009,82.456,72.97749999999999
2022-10-31,93.16,92.16,95.79,89.47,21026,273806518.0,6.72,-1.97,-1.85,3.99,94.362,93.924,83.163,73.39166666666667
2022-11-01,91.66,93.52,93.88,86.81,25350,323147362.0,7.67,1.48,1.36,4.81,94.374,93.982,83.82,73.86016666666666
2022-11-02,92.66,93.16,96.38,91.87,16642,222036402.0,4.82,-0.38,-0.36,3.16,93.632,94.41400000000002,84.429,74.35383333333333
2022-11-03,91.75,96.42,97.45,90.74,15208,206004761.0,7.2,3.5,3.26,2.88,93.85400000000001,95.193,85.19599999999998,74.90066666666667
2022-11-04,96.46,94.52,98.49,93.81,14434,194857167.0,4.85,-1.97,-1.9,2.74,93.95599999999999,94.759,85.76966666666665,75.42616666666667
2022-11-07,94.4,94.56,94.87,91.84,8017,106440049.0,3.21,0.04,0.04,1.52,94.436,94.399,86.37466666666666,75.92383333333332
2022-11-08,92.84,94.36,97.88,92.16,13264,177205800.0,6.05,-0.21,-0.2,2.52,94.604,94.489,86.93933333333332,76.43966666666667
2022-11-09,94.52,89.59,95.64,89.31,17591,226766443.0,6.71,-5.06,-4.77,3.34,93.89,93.761,87.51066666666667,76.8775
2022-11-10,88.35,89.26,91.71,87.01,11624,147334086.0,5.25,-0.37,-0.33,2.2,92.458,93.15599999999999,88.16133333333332,77.29383333333334
2022-11-11,90.39,85.66,91.16,84.26,21064,261366158.0,7.73,-4.03,-3.6,4.0,90.686,92.321,88.83966666666667,77.65083333333332
2022-11-14,86.12,86.66,88.07,84.6,14389,176656297.0,4.05,1.17,1.0,2.73,89.106,91.771,89.453,78.06700000000001
2022-11-15,87.37,87.84,88.59,84.59,11286,139178164.0,4.62,1.36,1.18,2.14,87.80199999999999,91.203,89.90266666666666,78.48899999999999
2022-11-16,88.03,86.0,88.03,84.67,13454,163930606.0,3.83,-2.09,-1.84,2.55,87.084,90.487,90.18533333333333,78.88449999999999
2022-11-17,85.45,87.45,88.49,84.61,15124,186978175.0,4.51,1.69,1.45,2.87,86.722,89.59,90.45666666666666,79.30466666666668
2022-11-18,88.08,85.41,89.52,85.41,10018,123446456.0,4.7,-2.33,-2.04,1.9,86.672,88.679,90.68633333333332,79.67666666666668
2022-11-21,85.41,88.05,88.31,82.59,9995,122971514.0,6.7,3.09,2.64,1.9,86.95,88.028,90.83733333333333,80.08883333333334
2022-11-22,88.18,85.19,88.3,84.3,8222,99975352.0,4.54,-3.25,-2.86,1.56,86.42,87.111,90.85733333333333,80.4755
2022-11-23,85.69,85.38,86.02,82.88,7538,90597793.0,3.69,0.22,0.19,1.43,86.296,86.69,91.00566666666667,80.872
2022-11-24,84.79,85.39,86.16,84.36,5668,68668961.0,2.11,0.01,0.01,1.08,85.884,86.303,91.056,81.30083333333332
2022-11-25,84.95,82.48,86.04,81.87,7046,83307958.0,4.88,-3.41,-2.91,1.34,85.298,85.98499999999999,90.77166666666668,81.5715
2022-11-28,81.53,81.89,83.86,80.54,8757,101587357.0,4.03,-0.72,-0.59,1.66,84.066,85.508,90.401,81.86383333333333
2022-11-29,81.89,80.91,82.77,80.37,7023,81381219.0,2.93,-1.2,-0.98,1.33,83.21,84.81500000000001,90.0,82.16616666666667
2022-11-30,81.02,80.52,82.09,78.54,10239,116446694.0,4.39,-0.48,-0.39,1.94,82.23799999999999,84.26700000000001,89.72266666666668,82.46883333333334
2022-12-01,81.16,81.46,85.24,80.13,17997,208328796.0,6.35,1.17,0.94,3.41,81.452,83.66799999999999,89.48366666666666,82.7855
2022-12-02,81.45,82.14,83.16,80.17,8751,101867293.0,3.67,0.83,0.68,1.66,81.38399999999999,83.34100000000001,88.92633333333333,83.11833333333334
2022-12-05,81.53,78.16,82.45,77.54,15697,175727928.0,5.98,-4.85,-3.98,2.98,80.63799999999999,82.352,88.25966666666666,83.35633333333334
2022-12-06,76.84,77.24,79.44,76.84,8740,96374631.0,3.33,-1.18,-0.92,1.66,79.904,81.557,87.71900000000001,83.592
2022-12-07,77.37,81.95,83.79,76.02,19349,224010235.0,10.06,6.1,4.71,3.67,80.19000000000001,81.214,87.22166666666666,83.89383333333332
2022-12-08,82.61,81.45,83.31,80.15,11313,130987974.0,3.86,-0.61,-0.5,2.15,80.188,80.82000000000001,86.75966666666666,84.14733333333334
2022-12-09,81.02,78.32,82.15,77.24,13627,152638531.0,6.03,-3.84,-3.13,2.58,79.424,80.404,86.23666666666666,84.34633333333333
2022-12-12,79.87,79.68,80.23,77.16,9871,111275806.0,3.92,1.74,1.36,1.87,79.72800000000001,80.183,85.82066666666667,84.49183333333333
2022-12-13,79.59,77.53,79.59,76.65,4508,49783303.0,3.69,-2.7,-2.15,0.86,79.786,79.845,85.28766666666667,84.55383333333334
2022-12-14,76.78,76.81,78.49,76.5,4474,49059152.0,2.57,-0.93,-0.72,0.85,78.75800000000001,79.474,84.74266666666668,84.58583333333334
2022-12-15,76.02,76.14,76.94,75.31,4307,46554696.0,2.12,-0.87,-0.67,0.82,77.696,78.94200000000001,84.06666666666666,84.63133333333333
2022-12-16,75.31,75.1,76.7,74.59,5719,61493601.0,2.77,-1.37,-1.04,1.08,77.05199999999999,78.23799999999999,83.41933333333333,84.5945
2022-12-19,74.89,73.82,75.49,73.2,9036,95200876.0,3.05,-1.7,-1.28,1.71,75.88,77.804,82.728,84.55133333333333
2022-12-20,73.59,72.62,73.81,71.76,6186,63858561.0,2.78,-1.63,-1.2,1.17,74.898,77.342,82.00333333333333,84.47133333333333
2022-12-21,71.74,73.31,73.84,71.45,7958,82558069.0,3.29,0.95,0.69,1.51,74.19800000000001,76.478,81.46066666666665,84.48566666666667
2022-12-22,72.59,73.82,75.21,71.73,9147,95949209.0,4.75,0.7,0.51,1.74,73.73400000000001,75.715,80.946,84.55366666666667
2022-12-23,73.82,75.49,76.26,71.84,9404,99395895.0,5.99,2.26,1.67,1.78,73.812,75.432,80.607,84.72333333333333
2022-12-26,74.95,76.39,78.04,73.96,9639,103658495.0,5.4,1.19,0.9,1.83,74.326,75.103,80.26466666666667,84.85883333333332
2022-12-27,76.39,81.1,81.44,75.16,17528,197693925.0,8.22,6.17,4.71,3.32,76.022,75.46000000000001,80.03999999999999,84.97133333333335
2022-12-28,80.27,79.7,82.45,78.91,13805,157514395.0,4.36,-1.73,-1.4,2.62,77.3,75.749,79.82999999999998,85.00766666666667
2022-12-29,79.56,80.7,81.3,79.02,6299,72018503.0,2.86,1.25,1.0,1.19,78.676,76.205,79.605,85.03083333333333
2022-12-30,80.31,79.59,81.37,78.52,8356,94371777.0,3.53,-1.38,-1.11,1.58,79.49600000000001,76.65400000000001,79.41100000000002,85.04866666666666
2023-01-03,78.36,83.02,84.45,78.36,13626,160510768.0,7.65,4.31,3.43,2.58,80.822,77.574,79.24333333333334,85.04033333333334
2023-01-04,83.88,83.37,84.09,81.08,8948,104706665.0,3.63,0.42,0.35,1.7,81.276,78.649,79.18266666666666,85.02
2023-01-05,83.09,83.59,84.29,81.65,12067,142549420.0,3.17,0.26,0.22,2.29,82.054,79.677,79.123,85.06433333333332
2023-01-06,83.25,85.02,87.02,81.39,17176,207586970.0,6.74,1.71,1.43,3.26,82.918,80.797,79.11066666666667,85.08333333333333
2023-01-09,85.41,84.82,88.16,84.46,8932,109088537.0,4.35,-0.24,-0.2,1.69,83.96399999999998,81.72999999999999,79.18866666666666,84.98016666666666
2023-01-10,84.24,87.57,87.57,83.8,10436,127113259.0,4.44,3.24,2.75,1.98,84.874,82.848,79.378,84.8895
2023-01-11,87.59,87.1,88.49,85.51,11246,139103006.0,3.4,-0.54,-0.47,2.13,85.61999999999999,83.44800000000001,79.58433333333332,84.79216666666666
2023-01-12,86.51,84.16,86.74,83.66,12922,155199150.0,3.54,-3.38,-2.94,2.45,85.734,83.894,79.70566666666666,84.71416666666666
2023-01-13,84.89,86.35,87.26,83.14,17312,209853347.0,4.9,2.6,2.19,3.28,86.0,84.45899999999999,79.86866666666668,84.67616666666666
2023-01-16,86.35,84.95,89.13,84.91,9277,114068881.0,4.89,-1.62,-1.4,1.76,86.02599999999998,84.99499999999999,79.96233333333333,84.44433333333333
2023-01-17,84.6,84.29,86.62,83.6,5813,70027039.0,3.56,-0.78,-0.66,1.1,85.36999999999999,85.122,80.16666666666667,84.21316666666667
2023-01-18,84.99,83.25,85.44,83.2,5982,71154737.0,2.66,-1.23,-1.04,1.13,84.6,85.10999999999999,80.36699999999999,84.04299999999999
2023-01-19,83.2,86.01,86.71,82.84,7587,91877093.0,4.65,3.32,2.76,1.44,84.97,85.352,80.50233333333334,83.86200000000001
2023-01-20,85.45,81.49,87.26,81.01,22416,263570061.0,7.27,-5.26,-4.52,4.25,83.998,84.999,80.50366666666667,83.63166666666666
2023-01-30,82.45,82.09,84.24,80.66,16844,195752084.0,4.39,0.74,0.6,3.19,83.426,84.726,80.62933333333334,83.433
2023-01-31,81.59,79.12,82.86,78.52,15670,177969278.0,5.29,-3.62,-2.97,2.97,82.39200000000001,83.881,80.61066666666667,83.21566666666666
2023-02-01,78.87,80.74,81.61,78.54,13939,158117515.0,3.88,2.05,1.62,2.64,81.89,83.245,80.71766666666666,83.00266666666667
2023-02-02,80.44,83.91,84.32,80.31,11466,135889497.0,4.97,3.93,3.17,2.17,81.47,83.22,80.95433333333334,82.8485
2023-02-03,83.61,82.51,84.59,81.37,12117,142357374.0,3.84,-1.67,-1.4,2.3,81.674,82.83599999999998,81.16666666666667,82.61666666666666
2023-02-06,81.93,82.31,83.39,80.5,7992,92902511.0,3.5,-0.24,-0.2,1.52,81.71799999999999,82.572,81.40699999999998,82.41316666666667
2023-02-07,82.44,81.19,82.75,80.06,9892,114399281.0,3.27,-1.36,-1.12,1.88,82.132,82.26200000000001,81.65266666666666,82.19033333333333
2023-02-08,81.59,81.29,83.16,80.66,4859,56246006.0,3.08,0.12,0.1,0.92,82.242,82.066,81.94166666666666,81.9725
2023-02-09,81.29,81.49,82.16,79.52,8504,97955153.0,3.25,0.25,0.2,1.61,81.758,81.614,82.21433333333333,81.8375
2023-02-10,82.15,83.52,84.59,81.04,10066,118945666.0,4.36,2.49,2.03,1.91,81.96000000000001,81.81700000000001,82.53766666666667,81.74183333333333
2023-02-13,82.66,81.27,85.67,79.73,23502,272305244.0,7.11,-2.69,-2.25,4.46,81.752,81.735,82.73033333333333,81.66866666666667
2023-02-14,81.3,79.46,81.77,78.52,19174,216409877.0,4.0,-2.23,-1.81,3.64,81.40599999999999,81.769,82.83266666666667,81.54866666666665
2023-02-15,79.13,75.31,79.27,75.31,19475,212527843.0,4.98,-5.22,-4.15,3.69,80.21,81.226,82.63966666666667,81.33983333333335
2023-02-16,75.31,74.14,77.06,73.52,13806,147366046.0,4.7,-1.55,-1.17,2.62,78.73999999999998,80.249,82.45433333333334,81.14216666666668
2023-02-17,73.52,73.2,74.24,72.45,10440,108943150.0,2.41,-1.27,-0.94,1.98,76.676,79.31800000000001,82.20433333333334,80.90466666666666
2023-02-20,72.49,72.81,73.98,72.09,14120,145871044.0,2.58,-0.53,-0.39,2.68,74.98400000000001,78.368,81.97833333333332,80.69466666666666
2023-02-21,72.69,75.22,77.36,71.46,20762,220741687.0,8.1,3.31,2.41,3.94,74.136,77.771,81.71833333333332,80.48083333333332
2023-02-22,75.37,77.45,79.03,74.27,20869,229487230.0,6.33,2.96,2.23,3.96,74.56400000000001,77.387,81.521,80.35183333333333
2023-02-23,76.59,78.26,79.02,76.52,15041,167126465.0,3.23,1.05,0.81,2.85,75.388,77.064,81.34333333333332,80.23316666666666
2023-02-24,78.26,76.79,79.02,76.59,6848,75456872.0,3.11,-1.88,-1.47,1.3,76.106,76.39099999999999,81.06899999999999,80.08983333333335
2023-02-27,77.45,74.91,78.88,73.6,12649,134366880.0,6.88,-2.45,-1.88,2.35,76.526,75.755,80.73866666666666,79.96366666666667
2023-02-28,74.77,74.81,76.71,74.02,13373,142936546.0,3.59,-0.13,-0.1,2.49,76.444,75.28999999999999,80.31333333333333,79.84566666666666
2023-03-01,74.69,73.34,75.44,72.61,12970,135156545.0,3.78,-1.96,-1.47,2.41,75.622,75.093,79.85466666666666,79.7195
2023-03-02,73.27,73.39,74.45,72.92,8218,85996313.0,2.09,0.07,0.05,1.53,74.648,75.018,79.49566666666668,79.60066666666667
2023-03-03,73.41,72.96,74.51,72.48,5040,52438208.0,2.77,-0.59,-0.43,0.94,73.882,74.994,79.04933333333335,79.459
2023-03-06,73.88,77.53,78.72,72.67,19894,217346268.0,8.29,6.26,4.57,3.7,74.40599999999999,75.46600000000001,78.80199999999999,79.38216666666668
2023-03-07,77.51,77.81,79.24,76.75,12048,133381595.0,3.21,0.36,0.28,2.24,75.006,75.725,78.586,79.37633333333333
2023-03-08,76.74,76.04,79.94,75.38,13154,144928017.0,5.86,-2.27,-1.77,2.44,75.54599999999999,75.584,78.34566666666666,79.35633333333334
2023-03-09,76.38,76.76,77.64,75.46,7322,79725781.0,2.87,0.95,0.72,1.36,76.22,75.434,78.03733333333334,79.26983333333334
2023-03-10,76.06,78.09,79.61,75.32,11110,122249521.0,5.59,1.73,1.33,2.06,77.24600000000001,75.56400000000001,77.924,79.21383333333333
2023-03-13,78.16,75.91,78.38,74.82,16930,183846634.0,4.56,-2.79,-2.18,3.15,76.922,75.664,77.718,79.17366666666666
2023-03-14,75.84,75.31,77.52,74.6,9159,99008103.0,3.85,-0.79,-0.6,1.7,76.422,75.714,77.591,79.10083333333333
2023-03-15,76.02,73.88,77.77,73.57,9369,100065189.0,5.58,-1.9,-1.43,1.74,75.99000000000001,75.768,77.36233333333334,79.03999999999999
2023-03-16,73.19,72.56,74.59,72.38,8170,85029690.0,2.99,-1.79,-1.32,1.52,75.15,75.685,76.984,78.96916666666667
2023-03-17,72.56,69.59,73.16,69.02,20440,205202957.0,5.71,-4.09,-2.97,3.8,73.45,75.348,76.55333333333334,78.86
2023-03-20,68.4,70.66,70.88,65.92,22513,220454686.0,7.13,1.54,1.07,4.18,72.4,74.661,76.165,78.786
2023-03-21,71.01,74.88,75.45,70.41,17038,179444009.0,7.13,5.97,4.22,3.17,72.314,74.36800000000001,75.95466666666668,78.80366666666667
2023-03-22,75.66,72.36,75.95,71.74,11362,118107393.0,5.62,-3.37,-2.52,2.11,72.00999999999999,74.0,75.657,78.79933333333334
2023-03-23,71.94,71.15,73.52,71.02,5919,60665433.0,3.45,-1.67,-1.21,1.1,71.72800000000001,73.439,75.31233333333333,78.76333333333334
2023-03-24,71.41,69.08,72.8,68.69,13736,137274154.0,5.78,-2.91,-2.07,2.55,71.626,72.53799999999998,74.83099999999999,78.68433333333334
2023-03-27,69.02,69.4,71.56,68.16,13537,134246913.0,4.92,0.46,0.32,2.52,71.374,71.887,74.43533333333333,78.58283333333334
2023-03-28,69.45,71.47,72.41,68.31,13940,140580939.0,5.91,2.98,2.07,2.59,70.69200000000001,71.503,74.169,78.50083333333333
2023-03-29,71.02,69.51,71.69,68.16,9988,99290992.0,4.94,-2.74,-1.96,1.86,70.122,71.066,73.97566666666667,78.30766666666666
2023-03-30,68.89,69.91,72.11,68.89,7527,75383625.0,4.63,0.58,0.4,1.4,69.874,70.801,73.83466666666666,78.14450000000001
2023-03-31,70.62,70.79,72.67,69.95,7656,77627194.0,3.89,1.26,0.88,1.42,70.21600000000001,70.921,73.75433333333332,77.97933333333334
2023-04-03,70.77,68.26,71.24,67.46,14937,145694369.0,5.34,-3.57,-2.53,2.78,69.98800000000001,70.681,73.60266666666666,77.7905
2023-04-04,68.86,67.89,69.36,66.95,10897,105739776.0,3.53,-0.54,-0.37,2.03,69.272,69.982,73.35833333333333,77.53833333333334
2023-04-06,68.44,69.9,70.86,67.47,11650,114141719.0,4.99,2.96,2.01,2.17,69.35,69.736,73.10666666666665,77.31383333333335
2023-04-07,70.02,71.96,73.4,69.92,11387,116639039.0,4.98,2.95,2.06,2.12,69.76,69.817,72.89666666666668,77.11999999999999
2023-04-10,73.41,72.71,74.59,71.24,13266,137741490.0,4.66,1.04,0.75,2.47,70.14399999999999,70.17999999999999,72.76066666666667,76.91483333333332
2023-04-11,72.81,73.38,76.02,71.95,10996,114844502.0,5.6,0.92,0.67,2.04,71.16799999999999,70.578,72.70966666666666,76.72416666666666
2023-04-12,73.16,71.71,73.64,70.66,10034,102420693.0,4.06,-2.28,-1.67,1.86,71.93199999999999,70.602,72.60633333333334,76.45983333333334
2023-04-13,71.71,72.59,73.8,70.95,14145,144928316.0,3.97,1.23,0.88,2.63,72.47,70.91,72.58133333333333,76.218
2023-04-14,72.59,72.47,74.31,71.74,13882,143541984.0,3.54,-0.17,-0.12,2.58,72.57199999999999,71.166,72.55066666666667,76.02316666666667
2023-04-17,72.46,74.59,75.33,72.46,14015,147958600.0,3.96,2.93,2.12,2.6,72.94800000000001,71.546,72.605,75.82716666666667
2023-04-18,73.89,74.59,75.45,73.33,9754,103145755.0,2.84,0.0,0.0,1.81,73.19,72.179,72.507,75.65450000000001
2023-04-19,75.22,74.13,75.32,72.45,9152,95461940.0,3.85,-0.62,-0.46,1.7,73.674,72.80300000000001,72.38433333333334,75.48516666666666
2023-04-20,74.23,74.59,75.08,71.8,19339,201506533.0,4.42,0.62,0.46,3.59,74.074,73.27199999999999,72.336,75.34083333333334
2023-04-21,75.71,73.85,77.05,70.05,34021,351468655.0,9.38,-0.99,-0.74,6.32,74.35,73.461,72.239,75.13816666666666
2023-04-24,73.88,72.36,74.36,71.63,27569,287702462.0,3.7,-2.02,-1.49,5.12,73.904,73.426,72.04799999999999,74.986
2023-04-25,73.03,71.02,73.46,68.88,11770,118112633.0,6.33,-1.85,-1.34,2.19,73.19,73.19,71.88499999999999,74.8015
2023-04-26,71.09,71.39,74.36,71.02,9525,98419287.0,4.7,0.52,0.37,1.77,72.64200000000001,73.15799999999999,71.75433333333334,74.67266666666666
2023-04-27,71.02,73.24,73.75,70.88,10102,104096132.0,4.02,2.59,1.85,1.88,72.37199999999999,73.223,71.73299999999999,74.54766666666667
2023-04-28,72.65,68.03,73.89,67.45,17596,174406358.0,8.79,-7.11,-5.21,3.27,71.208,72.779,71.58200000000001,74.283
2023-05-04,67.92,65.7,68.88,65.31,15060,142255656.0,5.25,-3.42,-2.33,2.8,69.876,71.89,71.45233333333333,74.00283333333333
2023-05-05,66.02,64.16,66.73,64.0,14232,132408393.0,4.16,-2.34,-1.54,2.64,68.50399999999999,70.847,71.23566666666666,73.70033333333332
2023-05-08,64.24,64.95,65.91,62.81,9792,89320829.0,4.83,1.23,0.79,1.82,67.21600000000001,69.929,70.90466666666666,73.42966666666666
2023-05-09,65.43,64.34,65.88,63.71,5778,53194370.0,3.34,-0.94,-0.61,1.07,65.436,68.90400000000001,70.63733333333334,73.14716666666666
2023-05-10,63.66,62.95,64.32,62.37,8376,75284594.0,3.03,-2.16,-1.39,1.56,64.42,67.814,70.364,72.83816666666667
2023-05-11,63.56,64.74,66.01,62.81,11493,105241697.0,5.08,2.84,1.79,2.14,64.228,67.05199999999999,70.21933333333332,72.52516666666666
2023-05-12,64.41,64.56,65.38,63.58,4932,45300771.0,2.78,-0.28,-0.18,0.92,64.308,66.406,70.058,72.24666666666667
2023-05-15,64.59,65.61,65.96,63.59,5204,48077462.0,3.67,1.63,1.05,0.97,64.44,65.828,69.86266666666667,72.01583333333335
2023-05-16,65.6,69.2,70.16,65.31,11729,115030611.0,7.39,5.47,3.59,2.18,65.412,65.424,69.85233333333333,71.914
2023-05-17,69.06,68.45,69.59,67.61,4430,43170203.0,2.86,-1.08,-0.75,0.82,66.51200000000001,65.46600000000001,69.80366666666667,71.81916666666666
2023-05-18,67.76,67.22,68.59,66.52,3598,34477844.0,3.02,-1.8,-1.23,0.67,67.00800000000001,65.61800000000001,69.68466666666667,71.7195
2023-05-19,66.53,68.38,69.74,66.06,5703,55502554.0,5.47,1.73,1.16,1.06,67.772,66.04,69.68866666666666,71.64566666666668
2023-05-22,71.74,70.1,74.36,69.64,15195,154451086.0,6.9,2.52,1.72,2.82,68.67,66.55499999999999,69.76233333333333,71.56033333333333
2023-05-23,70.31,68.35,71.31,67.98,8962,87997601.0,4.75,-2.5,-1.75,1.67,68.5,66.95599999999999,69.71066666666667,71.40866666666668
2023-05-24,68.1,67.45,68.79,66.16,7285,69677881.0,3.85,-1.32,-0.9,1.35,68.29999999999998,67.406,69.56033333333333,71.2285
2023-05-25,68.94,67.51,68.94,66.16,5254,50000982.0,4.12,0.09,0.06,0.98,68.35799999999999,67.683,69.387,71.07383333333334
2023-05-26,66.76,67.1,68.87,66.26,7578,72763094.0,3.87,-0.61,-0.41,1.41,68.102,67.93699999999998,69.17766666666667,70.94366666666666
2023-05-29,67.33,66.45,67.91,65.59,6459,61289388.0,3.46,-0.97,-0.65,1.2,67.37199999999999,68.021,69.00233333333334,70.80433333333333
2023-05-30,66.44,66.01,66.78,64.61,5972,55748729.0,3.27,-0.66,-0.44,1.11,66.904,67.702,68.783,70.68216666666666
2023-05-31,65.45,64.09,66.66,63.59,8405,77472705.0,4.65,-2.91,-1.92,1.56,66.232,67.26599999999999,68.50366666666667,70.52716666666667
2023-06-01,64.29,63.88,65.79,63.02,7947,72842654.0,4.32,-0.33,-0.21,1.48,65.506,66.932,68.14666666666666,70.37583333333333
2023-06-02,64.45,63.6,64.89,62.94,8504,77062056.0,3.05,-0.44,-0.28,1.58,64.80600000000001,66.45400000000001,67.78033333333333,70.14366666666666
2023-06-05,63.93,58.74,63.93,53.16,50937,421620560.0,16.93,-7.64,-4.86,9.47,63.26400000000001,65.31800000000001,67.26733333333333,69.82583333333334
2023-06-06,57.81,56.91,58.79,56.85,19883,163651965.0,3.3,-3.12,-1.83,3.7,61.444,64.174,66.678,69.507
2023-06-07,55.87,56.06,58.71,55.66,18280,149411884.0,5.36,-1.49,-0.85,3.4,59.838,63.035000000000004,66.08500000000001,69.162
2023-06-08,56.45,54.25,57.01,53.95,19507,153343971.0,5.46,-3.23,-1.81,3.63,57.912,61.709,65.48133333333334,68.76466666666667
2023-06-09,54.61,53.97,56.74,52.88,39180,303407191.0,7.12,-0.52,-0.28,7.28,55.986000000000004,60.395999999999994,64.913,68.39899999999999
2023-06-12,54.24,54.98,56.65,53.71,23089,182148417.0,5.45,1.87,1.01,4.29,55.234,59.249,64.366,68.06016666666667
2023-06-13,55.74,55.02,55.99,54.1,16522,129190023.0,3.44,0.07,0.04,3.07,54.85600000000001,58.15,63.75866666666666,67.74583333333334
2023-06-14,55.45,57.36,58.88,54.05,27119,154932819.0,8.78,4.25,2.34,3.61,55.116,57.477,63.403000000000006,67.49249999999999
2023-06-15,56.95,58.45,59.61,56.85,20433,120211037.0,4.81,1.9,1.09,2.72,55.956,56.934000000000005,63.16133333333334,67.30683333333334
2023-06-16,58.27,58.85,60.38,58.15,22398,133915208.0,3.82,0.68,0.4,2.98,56.932,56.459,62.98433333333333,67.11
2023-06-19,58.53,57.5,59.3,57.07,26709,155711143.0,3.79,-2.29,-1.35,3.55,57.436,56.335,62.736,66.82033333333332
2023-06-20,57.21,55.36,58.45,54.95,32119,183127226.0,6.09,-3.72,-2.14,4.27,57.504,56.17999999999999,62.43666666666666,66.537
2023-06-21,55.12,55.03,56.03,54.34,29458,164091827.0,3.05,-0.6,-0.33,3.92,57.038,56.077,62.17266666666667,66.26833333333333
2023-06-26,54.73,55.83,58.09,54.15,21950,124008630.0,7.16,1.45,0.8,2.92,56.513999999999996,56.235,61.87566666666667,66.0475
2023-06-27,56.43,58.44,58.78,55.54,33514,195462796.0,5.8,4.67,2.61,4.46,56.431999999999995,56.681999999999995,61.67166666666667,65.86483333333334
2023-06-28,58.7,55.97,58.73,55.65,23028,131439286.0,5.27,-4.23,-2.47,3.06,56.126,56.781000000000006,61.35033333333333,65.60650000000001
2023-06-29,54.65,56.78,57.35,54.55,17589,100590399.0,5.0,1.45,0.81,2.34,56.410000000000004,56.95700000000001,60.93633333333334,65.39433333333334
2023-06-30,56.63,56.19,58.59,55.79,25261,145605916.0,4.93,-1.04,-0.59,3.36,56.641999999999996,56.839999999999996,60.52766666666666,65.16566666666667
2023-07-03,56.15,56.41,56.95,53.7,34765,194347048.0,5.78,0.39,0.22,4.62,56.758,56.636,60.16733333333333,64.926
2023-07-04,56.22,55.63,56.38,55.13,17082,95904936.0,2.22,-1.38,-0.78,2.27,56.196000000000005,56.314,59.742333333333335,64.71549999999999
2023-07-05,55.73,55.79,56.63,55.0,14766,83189586.0,2.93,0.29,0.16,1.96,56.15999999999999,56.14300000000001,59.26533333333334,64.51383333333334
2023-07-06,55.79,55.22,55.79,54.29,9664,53803419.0,2.69,-1.02,-0.57,1.29,55.848,56.129,58.82766666666667,64.26916666666666
2023-07-07,54.79,54.65,55.62,54.53,8522,47283139.0,1.97,-1.03,-0.57,1.13,55.54,56.090999999999994,58.400999999999996,63.98066666666667
2023-07-10,54.64,55.13,55.83,54.36,12231,67922802.0,2.69,0.88,0.48,1.63,55.28399999999999,56.021,57.98833333333334,63.687666666666665
2023-07-11,54.91,55.59,55.86,54.25,16956,94445645.0,2.92,0.83,0.46,2.25,55.275999999999996,55.736000000000004,57.60466666666667,63.39116666666666
2023-07-12,55.81,53.8,55.81,53.75,21414,117832830.0,3.71,-3.22,-1.79,2.85,54.878,55.519000000000005,57.183,63.092666666666666
2023-07-13,54.01,53.61,54.53,53.28,17685,95967473.0,2.32,-0.35,-0.19,2.35,54.556,55.202,56.76966666666667,62.77633333333333
2023-07-14,53.62,53.21,54.05,52.85,13436,72339006.0,2.24,-0.75,-0.4,1.79,54.267999999999994,54.903999999999996,56.407000000000004,62.45533333333333
2023-07-17,53.2,52.48,53.2,52.34,12072,64094691.0,1.62,-1.37,-0.73,1.61,53.738,54.511,56.027,62.08683333333333
2023-07-18,53.13,52.71,53.2,52.37,8789,46841950.0,1.58,0.44,0.23,1.17,53.162,54.21900000000001,55.663999999999994,61.722166666666666
2023-07-19,52.34,51.69,52.86,51.05,14186,74121252.0,3.43,-1.94,-1.02,1.89,52.739999999999995,53.809000000000005,55.428999999999995,61.348166666666664
2023-07-20,51.75,51.33,52.05,51.25,8597,44822352.0,1.55,-0.7,-0.36,1.14,52.284000000000006,53.419999999999995,55.243,60.9605
2023-07-21,51.34,52.08,53.32,50.5,11382,59897746.0,5.49,1.46,0.75,1.51,52.05799999999999,53.163,55.11033333333333,60.59766666666666
2023-07-24,52.13,51.3,52.74,51.03,10854,56770868.0,3.28,-1.5,-0.78,1.44,51.822,52.779999999999994,55.01199999999999,60.24666666666667
2023-07-25,51.45,52.0,52.4,51.23,9833,51463610.0,2.28,1.36,0.7,1.31,51.67999999999999,52.42099999999999,54.946333333333335,59.92966666666667
2023-07-26,51.98,51.87,53.05,51.26,11095,58547158.0,3.44,-0.25,-0.13,1.48,51.715999999999994,52.227999999999994,54.842666666666666,59.60433333333333
2023-07-27,51.84,51.4,52.6,51.21,7550,39487396.0,2.68,-0.91,-0.47,1.0,51.73,52.00699999999999,54.722,59.24033333333333
2023-07-28,51.39,50.95,51.6,50.75,12805,66137509.0,1.65,-0.88,-0.45,1.7,51.504,51.781000000000006,54.50833333333333,58.95566666666666
2023-07-31,51.11,50.69,51.67,50.26,14615,75078869.0,2.77,-0.51,-0.26,1.94,51.382000000000005,51.602,54.24966666666667,58.7055
2023-08-01,50.69,49.61,51.05,49.55,15859,80275664.0,2.96,-2.13,-1.08,2.11,50.904,51.291999999999994,53.94166666666667,58.463
2023-08-02,49.48,48.95,49.86,48.82,10487,52236478.0,2.1,-1.33,-0.66,1.39,50.32,51.018,53.656666666666666,58.19633333333333
2023-08-03,48.95,49.72,49.95,48.83,11259,56337377.0,2.29,1.57,0.77,1.5,49.983999999999995,50.857,53.46866666666667,57.952666666666666
2023-08-04,49.95,49.35,50.32,49.25,10181,51123736.0,2.15,-0.74,-0.37,1.35,49.664,50.583999999999996,53.27933333333333,57.726
2023-08-07,49.22,47.84,49.24,47.57,13204,64110551.0,3.38,-3.06,-1.51,1.76,49.09400000000001,50.238,53.013,57.44433333333334
2023-08-08,48.19,47.82,48.19,47.21,7139,34440164.0,2.05,-0.04,-0.02,0.95,48.736000000000004,49.82,52.659,57.16533333333333
2023-08-09,47.82,48.4,49.08,47.38,23561,115053214.0,3.55,1.21,0.58,3.13,48.626,49.473,52.40666666666666,56.8785
2023-08-10,48.35,48.54,49.05,48.05,11496,56516818.0,2.07,0.29,0.14,1.53,48.39,49.187,52.13199999999999,56.534166666666664
2023-08-11,48.72,47.85,49.06,47.83,9861,48257176.0,2.53,-1.42,-0.69,1.31,48.09,48.876999999999995,51.854000000000006,56.19083333333333
2023-08-14,47.42,48.4,48.63,47.36,12989,63370027.0,2.65,1.15,0.55,1.73,48.202000000000005,48.648,51.586999999999996,55.87716666666666
2023-08-15,48.66,48.74,48.95,47.96,10001,49021878.0,2.05,0.7,0.34,1.33,48.386,48.561,51.35733333333333,55.54983333333334
2023-08-16,48.94,47.45,49.22,47.35,10752,52369139.0,3.84,-2.65,-1.29,1.43,48.196000000000005,48.411,51.07933333333333,55.172333333333334
2023-08-17,46.97,47.75,48.09,46.97,8762,42133839.0,2.36,0.63,0.3,1.17,48.038,48.214,50.83033333333333,54.82899999999999
2023-08-18,48.15,47.44,48.55,47.1,10940,52785348.0,3.04,-0.65,-0.31,1.45,47.956,48.023,50.59,54.4955
2023-08-21,47.44,47.03,47.95,46.25,9342,44605371.0,3.58,-0.86,-0.41,1.24,47.682,47.94199999999999,50.32,54.15416666666667
2023-08-22,47.05,46.56,47.25,45.54,11494,53628256.0,3.64,-1.0,-0.47,1.53,47.246,47.815999999999995,50.019,53.81183333333333
2023-08-23,46.56,45.43,46.56,45.43,7292,33944132.0,2.43,-2.43,-1.13,0.97,46.842,47.519,49.74,53.4615
2023-08-24,45.75,46.99,48.48,45.15,12180,57698228.0,7.33,3.43,1.56,1.62,46.69,47.364,49.51933333333333,53.1445
2023-08-25,46.68,46.76,48.25,46.38,10920,52133808.0,3.98,-0.49,-0.23,1.45,46.554,47.254999999999995,49.30433333333333,52.85566666666667
2023-08-28,50.04,45.46,50.09,45.37,21266,100496591.0,10.09,-2.78,-1.3,2.83,46.239999999999995,46.961,49.07033333333334,52.54866666666667
2023-08-29,45.3,48.07,48.7,44.71,31377,149778035.0,8.78,5.74,2.61,4.17,46.542,46.894,48.91566666666667,52.28983333333334
2023-08-30,48.42,49.14,49.53,47.75,14612,72315046.0,3.7,2.23,1.07,1.94,47.284,47.063,48.830666666666666,52.12983333333333
2023-08-31,48.93,50.42,50.63,48.92,18290,92437630.0,3.48,2.6,1.28,2.43,47.970000000000006,47.33,48.800333333333334,52.02166666666667
2023-09-01,50.35,50.95,51.26,50.19,12747,65374990.0,2.12,1.05,0.53,1.7,48.808,47.681,48.76266666666666,51.9365
2023-09-04,51.05,50.27,51.05,49.76,16173,82084164.0,2.53,-1.33,-0.68,2.15,49.769999999999996,48.004999999999995,48.72833333333333,51.87016666666667
2023-09-05,49.92,50.61,51.25,49.92,12451,63790621.0,2.65,0.68,0.34,1.66,50.278,48.410000000000004,48.682,51.814166666666665
2023-09-06,50.61,49.79,50.61,49.02,12467,62652586.0,3.14,-1.62,-0.82,1.66,50.408,48.846000000000004,48.61266666666667,51.727666666666664
2023-09-07,49.85,49.23,50.23,48.93,13465,67299967.0,2.61,-1.12,-0.56,1.79,50.17,49.07000000000001,48.540333333333336,51.631166666666665
2023-09-08,49.05,49.44,49.93,48.97,5998,30003730.0,1.95,0.43,0.21,0.8,49.868,49.338,48.49,51.499166666666675
2023-09-11,49.2,52.21,53.32,49.2,27430,144185206.0,8.33,5.6,2.77,3.65,50.256,50.013,48.54066666666666,51.39516666666667
2023-09-12,52.21,52.03,52.32,51.29,12447,65262602.0,1.97,-0.34,-0.18,1.66,50.540000000000006,50.409,48.62133333333334,51.2815
2023-09-13,52.05,51.75,52.25,51.25,8908,46531443.0,1.92,-0.54,-0.28,1.18,50.932,50.67,48.714666666666666,51.18566666666666
2023-09-14,51.56,51.44,52.3,51.05,10947,57062496.0,2.42,-0.6,-0.31,1.46,51.374,50.772,48.772,51.12033333333333
2023-09-15,51.74,54.82,56.93,51.74,39336,218031748.0,10.09,6.57,3.38,5.23,52.45,51.159000000000006,48.95433333333334,51.11683333333334
2023-09-18,54.45,56.45,56.91,54.15,35873,203697538.0,5.03,2.97,1.63,4.77,53.298,51.777,49.24133333333334,51.12716666666667
2023-09-19,56.75,54.83,56.75,54.11,17821,99007481.0,4.68,-2.87,-1.62,2.37,53.85799999999999,52.199,49.475,51.067
2023-09-20,54.62,54.84,55.45,54.27,12278,68025475.0,2.15,0.02,0.01,1.63,54.476,52.70399999999999,49.68966666666667,51.04816666666667
2023-09-21,54.65,54.95,56.52,54.03,13141,73604550.0,4.54,0.2,0.11,1.75,55.178,53.275999999999996,49.903333333333336,51.01766666666666
2023-09-22,54.73,56.24,56.8,53.55,14666,81442568.0,5.91,2.35,1.29,1.95,55.462,53.956,50.183,51.0185
2023-09-25,56.15,56.46,57.44,55.45,15762,89770957.0,3.54,0.39,0.22,2.1,55.46400000000001,54.38099999999999,50.451666666666675,51.01933333333333
2023-09-26,56.93,55.31,56.93,55.03,11830,66523011.0,3.37,-2.04,-1.15,1.57,55.56,54.709,50.67066666666667,51.014
2023-09-27,55.07,55.85,56.41,54.66,12640,71180805.0,3.16,0.98,0.54,1.68,55.762,55.11900000000001,50.95066666666666,51.015
2023-09-28,55.75,56.45,57.02,55.03,13408,75815233.0,3.56,1.07,0.6,1.78,56.062,55.620000000000005,51.24066666666667,51.0355
2023-10-09,56.95,55.34,57.05,54.45,13725,76872644.0,4.61,-1.97,-1.11,1.83,55.882000000000005,55.672000000000004,51.504000000000005,51.047
2023-10-10,55.34,54.42,55.7,54.11,10787,59759709.0,2.87,-1.66,-0.92,1.43,55.474000000000004,55.46900000000001,51.75033333333333,51.03516666666667
2023-10-11,53.9,56.1,57.05,53.9,15599,88623176.0,5.79,3.09,1.68,2.07,55.632000000000005,55.596000000000004,52.06833333333334,51.04366666666667
2023-10-12,56.04,55.8,56.67,54.9,9257,52180977.0,3.16,-0.53,-0.3,1.23,55.622,55.69199999999999,52.414,51.077
2023-10-13,55.02,54.97,55.98,54.67,10093,56167846.0,2.35,-1.49,-0.83,1.34,55.326,55.694,52.68,51.099666666666664
2023-10-16,54.58,53.54,54.85,51.75,19008,101763550.0,5.64,-2.6,-1.43,2.53,54.965999999999994,55.424,52.906,51.10516666666667
2023-10-17,53.52,53.4,53.95,52.35,8936,47897978.0,2.99,-0.26,-0.14,1.19,54.762,55.11800000000001,53.17066666666666,51.1205
2023-10-18,53.11,51.95,53.68,51.94,7333,38883763.0,3.26,-2.72,-1.45,0.98,53.931999999999995,54.782000000000004,53.3,51.10783333333334
2023-10-19,51.45,52.36,53.44,51.44,9599,50883852.0,3.85,0.79,0.41,1.28,53.24400000000001,54.43299999999999,53.407333333333334,51.119
2023-10-20,48.46,50.68,52.25,46.76,48844,250059598.0,10.49,-3.21,-1.68,6.5,52.386,53.855999999999995,53.416000000000004,51.10816666666667
2023-10-23,49.51,52.58,53.75,49.51,24323,129311132.0,8.37,3.75,1.9,3.23,52.194,53.580000000000005,53.470333333333336,51.1165
2023-10-24,52.45,52.85,54.19,51.15,19060,101005988.0,5.78,0.51,0.27,2.53,52.084,53.423,53.556333333333335,51.14233333333333
2023-10-25,53.24,52.99,53.81,51.35,14329,76401782.0,4.65,0.26,0.14,1.91,52.29200000000001,53.112,53.635666666666665,51.158833333333334
2023-10-26,52.68,53.45,54.31,52.48,11239,60701335.0,3.45,0.87,0.46,1.49,52.510000000000005,52.876999999999995,53.757666666666665,51.18516666666667
2023-10-27,53.83,56.85,57.25,53.11,19667,110226894.0,7.75,6.36,3.4,2.62,53.74400000000001,53.065,54.01166666666666,51.275999999999996
2023-10-30,56.46,56.96,58.05,56.33,13625,78746390.0,3.03,0.19,0.11,1.81,54.620000000000005,53.407,54.26233333333333,51.37616666666667
2023-10-31,57.5,57.87,58.5,56.44,11326,65790067.0,3.62,1.6,0.91,1.51,55.624,53.854,54.45100000000001,51.49583333333333
2023-11-01,57.96,57.48,57.96,56.25,5657,32548040.0,2.95,-0.67,-0.39,0.75,56.522000000000006,54.407000000000004,54.632666666666665,51.626999999999995
2023-11-02,57.45,55.19,57.87,55.15,8508,48230152.0,4.73,-3.98,-2.29,1.13,56.86999999999999,54.69,54.74733333333333,51.731
2023-11-03,55.74,56.77,57.43,55.4,7209,41238165.0,3.68,2.86,1.58,0.96,56.854,55.299,54.925,51.848499999999994
2023-11-06,57.07,56.9,58.45,56.51,10410,60344440.0,3.42,0.23,0.13,1.38,56.842,55.73100000000001,54.99433333333333,51.974333333333334
2023-11-07,56.45,56.71,57.77,56.09,7874,45274317.0,2.95,-0.33,-0.19,1.05,56.60999999999999,56.117,55.00300000000001,52.122166666666665
2023-11-08,56.21,57.94,58.45,56.15,10450,60920086.0,4.06,2.17,1.23,1.39,56.702,56.612,55.10666666666667,52.29083333333334
2023-11-09,58.45,56.72,58.46,56.63,6469,37405470.0,3.16,-2.11,-1.22,0.86,57.007999999999996,56.93900000000001,55.169333333333334,52.4295
2023-11-10,56.47,58.69,61.09,56.01,17994,106392984.0,8.96,3.47,1.97,2.39,57.39200000000001,57.123000000000005,55.294,52.59866666666667
2023-11-13,58.26,57.72,58.82,57.24,9523,55606255.0,2.69,-1.65,-0.97,1.27,57.556,57.199,55.343333333333334,52.76316666666667
2023-11-14,57.47,57.55,57.94,56.95,8473,49153772.0,1.72,-0.29,-0.17,1.13,57.724000000000004,57.166999999999994,55.379666666666665,52.91566666666667
2023-11-15,57.94,58.48,58.82,57.68,6912,40629884.0,1.98,1.62,0.93,0.92,57.831999999999994,57.266999999999996,55.48533333333333,53.077999999999996
2023-11-16,58.06,59.25,59.42,57.12,6221,36404465.0,3.93,1.32,0.77,0.83,58.338,57.673,55.59866666666667,53.27466666666667
2023-11-17,58.45,57.95,58.74,57.25,7279,42530625.0,2.51,-2.19,-1.3,0.97,58.19,57.79100000000001,55.64866666666667,53.44466666666667
2023-11-20,58.19,59.55,61.44,57.95,21693,131977631.0,6.02,2.76,1.6,2.88,58.556,58.056,55.788999999999994,53.646499999999996
2023-11-21,59.75,59.06,61.03,58.21,10871,65211061.0,4.74,-0.82,-0.49,1.45,58.85799999999999,58.291,55.943666666666665,53.846999999999994
2023-11-22,58.88,56.95,59.3,56.56,13551,78449793.0,4.64,-3.57,-2.11,1.8,58.552,58.19199999999999,55.971999999999994,54.02016666666667
2023-11-23,56.88,57.35,57.77,56.21,8903,51391285.0,2.74,0.7,0.4,1.18,58.172000000000004,58.25500000000001,56.02366666666667,54.218833333333336
2023-11-24,57.35,56.2,57.36,54.81,17749,99921186.0,4.45,-2.01,-1.15,2.36,57.822,58.00599999999999,56.06466666666667,54.37233333333333
2023-11-27,56.54,55.29,56.62,55.08,12716,71657611.0,2.74,-1.62,-0.91,1.69,56.970000000000006,57.763,56.123000000000005,54.5145
2023-11-28,55.05,56.37,56.75,54.84,15661,88433633.0,3.45,1.95,1.08,2.08,56.431999999999995,57.645,56.221999999999994,54.696333333333335
2023-11-29,56.35,55.95,57.36,55.82,5618,31977955.0,2.73,-0.75,-0.42,0.75,56.232000000000006,57.391999999999996,56.355333333333334,54.827666666666666
2023-11-30,56.4,58.06,58.44,55.27,16285,94025262.0,5.67,3.77,2.11,2.17,56.374,57.273,56.54533333333333,54.97633333333333
2023-12-01,58.19,58.54,58.92,57.25,13914,81417770.0,2.88,0.83,0.48,1.85,56.842,57.331999999999994,56.80733333333333,55.111666666666665
2023-12-04,58.17,57.96,58.55,57.55,11083,64980800.0,1.71,-0.99,-0.58,1.47,57.376,57.173,56.986666666666665,55.228500000000004
2023-12-05,57.75,56.92,58.89,56.79,9563,55855067.0,3.62,-1.79,-1.04,1.27,57.486000000000004,56.959,57.12233333333334,55.339333333333336
2023-12-06,56.89,56.7,57.84,55.63,8525,48623131.0,3.88,-0.39,-0.22,1.13,57.636,56.934000000000005,57.246,55.44083333333333
2023-12-07,56.7,55.25,57.05,54.0,15873,88515959.0,5.38,-2.56,-1.45,2.11,57.074,56.724000000000004,57.306000000000004,55.53183333333333
2023-12-08,54.84,55.22,56.08,53.45,16767,92789773.0,4.76,-0.05,-0.03,2.23,56.410000000000004,56.626,57.25166666666667,55.63166666666667
2023-12-11,55.16,56.45,57.33,53.78,17924,100836588.0,6.43,2.23,1.23,2.38,56.108000000000004,56.742,57.23466666666666,55.7485
2023-12-12,56.45,56.14,57.33,55.06,8964,50966323.0,4.02,-0.55,-0.31,1.19,55.952,56.718999999999994,57.177,55.81399999999999
2023-12-13,55.77,55.92,56.83,55.52,5601,31691598.0,2.33,-0.39,-0.22,0.74,55.79600000000001,56.715999999999994,57.125,55.87883333333333
2023-12-14,56.48,54.49,56.7,54.32,6312,35105705.0,4.26,-2.56,-1.43,0.84,55.644000000000005,56.359,57.101666666666674,55.9245
2023-12-15,54.5,54.2,55.24,53.97,5169,28408005.0,2.33,-0.53,-0.29,0.69,55.44,55.925,57.016,55.9705
2023-12-18,53.8,54.79,55.28,53.8,6253,34548621.0,2.73,1.09,0.59,0.83,55.108000000000004,55.608000000000004,56.94566666666667,55.97
2023-12-19,54.79,53.53,54.79,52.96,9113,49209860.0,3.34,-2.3,-1.26,1.21,54.586,55.269000000000005,56.839666666666666,55.92133333333334
2023-12-20,53.58,52.7,54.66,52.63,4924,26573729.0,3.79,-1.55,-0.83,0.65,53.94200000000001,54.86900000000001,56.66499999999999,55.88583333333334
2023-12-21,52.55,52.9,53.25,51.45,6630,35072955.0,3.42,0.38,0.2,0.88,53.624,54.634,56.537666666666674,55.853500000000004
2023-12-22,52.74,51.93,53.42,51.75,5620,29859619.0,3.16,-1.83,-0.97,0.75,53.17,54.30500000000001,56.312333333333335,55.80316666666667
2023-12-25,51.75,52.88,53.92,51.38,6778,36375556.0,4.89,1.83,0.95,0.9,52.788,53.948,56.150999999999996,55.747166666666665
2023-12-26,53.12,51.86,53.13,51.54,6060,31847306.0,3.01,-1.93,-1.02,0.81,52.45400000000001,53.52,55.961333333333336,55.6705
2023-12-27,52.13,51.25,52.13,50.7,9490,49109378.0,2.76,-1.18,-0.61,1.26,52.164,53.05300000000001,55.720333333333336,55.602833333333336
2023-12-28,50.94,51.61,52.28,49.5,17906,92442079.0,5.42,0.7,0.36,2.38,51.90599999999999,52.765,55.46566666666667,55.53216666666667
2023-12-29,51.62,52.68,53.12,51.05,11462,60483606.0,4.01,2.07,1.07,1.52,52.056,52.613,55.29,55.46933333333333
2024-01-02,52.68,51.4,52.85,51.17,7271,37986708.0,3.19,-2.43,-1.28,0.97,51.760000000000005,52.274,55.01833333333334,55.40366666666667
2024-01-03,51.2,51.16,52.84,50.9,10346,53832262.0,3.77,-0.47,-0.24,1.38,51.620000000000005,52.037,54.755,55.349333333333334
2024-01-04,51.38,51.53,52.3,50.67,8405,43757478.0,3.19,0.72,0.37,1.12,51.676,51.92,54.574333333333335,55.273166666666675
2024-01-05,51.37,49.66,51.68,49.26,14276,72389113.0,4.7,-3.63,-1.87,1.9,51.286,51.596000000000004,54.318,55.170833333333334
2024-01-08,49.16,48.73,50.16,48.56,11776,58377776.0,3.22,-1.87,-0.93,1.57,50.495999999999995,51.275999999999996,54.069,55.066833333333335
2024-01-09,48.46,48.56,49.14,47.63,7581,37236304.0,3.1,-0.35,-0.17,1.01,49.928,50.844,53.84466666666666,54.98383333333334
2024-01-10,48.75,47.45,48.89,47.43,8212,39962453.0,3.01,-2.29,-1.11,1.09,49.186,50.403,53.547333333333334,54.88466666666667
2024-01-11,47.49,48.05,48.25,47.04,6164,29810005.0,2.55,1.26,0.6,0.82,48.489999999999995,50.083,53.284,54.81966666666666
2024-01-12,47.79,47.38,48.73,47.22,6751,32634623.0,3.14,-1.39,-0.67,0.9,48.034000000000006,49.66,52.928000000000004,54.73666666666667
2024-01-15,47.6,46.37,47.6,45.83,12612,59412179.0,3.74,-2.13,-1.01,1.68,47.562,49.028999999999996,52.522333333333336,54.664833333333334
2024-01-16,46.45,46.15,46.6,45.43,16315,75763063.0,2.52,-0.47,-0.22,2.17,47.08,48.504000000000005,52.12866666666667,54.55766666666667
2024-01-17,46.2,44.69,46.32,44.54,12477,57047913.0,3.86,-3.16,-1.46,1.66,46.528,47.857,51.721,54.42166666666667
2024-01-18,45.45,45.14,45.45,43.36,12417,55392715.0,4.68,1.01,0.45,1.65,45.946,47.218,51.33566666666666,54.29083333333333
2024-01-19,45.31,48.57,50.94,45.31,31466,155877564.0,12.47,7.6,3.43,4.18,46.184,47.108999999999995,51.11299999999999,54.209500000000006
2024-01-22,48.63,46.31,50.95,45.65,22515,109025005.0,10.91,-4.65,-2.26,2.99,46.172000000000004,46.867000000000004,50.816,54.033833333333334
2024-01-23,46.35,48.8,49.95,45.88,18508,90357098.0,8.79,5.38,2.49,2.46,46.702,46.891000000000005,50.56100000000001,53.89783333333333
2024-01-24,49.21,48.66,51.05,47.81,13870,69220697.0,6.64,-0.29,-0.14,1.84,47.496,47.012,50.31166666666666,53.74433333333334
2024-01-25,48.61,51.45,51.65,48.3,11872,60683741.0,6.88,5.73,2.79,1.58,48.757999999999996,47.352,50.16266666666666,53.64383333333333
2024-01-26,50.61,49.24,52.45,48.84,11124,56332151.0,7.02,-4.3,-2.21,1.48,48.892,47.538,49.98766666666666,53.54466666666667
2024-01-29,48.95,48.97,50.94,48.45,16432,82961873.0,5.06,-0.55,-0.27,2.19,49.424,47.798,49.81333333333334,53.41466666666667
2024-01-30,48.91,49.47,50.43,47.83,13353,66850221.0,5.31,1.02,0.5,1.78,49.558,48.129999999999995,49.635999999999996,53.29083333333333
2024-01-31,49.45,47.45,50.72,47.45,10974,54463880.0,6.61,-4.08,-2.02,1.46,49.315999999999995,48.406,49.43333333333333,53.1365
2024-02-01,47.05,48.63,50.45,45.36,15985,77604836.0,10.73,2.49,1.18,2.13,48.751999999999995,48.755,49.29766666666667,52.98133333333333
2024-02-02,48.25,46.45,49.16,45.57,11619,55588944.0,7.38,-4.48,-2.18,1.55,48.194,48.543,49.08266666666667,52.81016666666667
2024-02-05,45.95,46.65,49.33,43.56,12229,57080493.0,12.42,0.43,0.2,1.63,47.730000000000004,48.577,48.906666666666666,52.609500000000004
2024-02-06,46.55,50.61,52.03,42.96,18883,91171781.0,19.44,8.49,3.96,2.51,47.958,48.757999999999996,48.831,52.491
2024-02-07,51.12,52.95,54.7,50.48,24748,133492074.0,8.34,4.62,2.34,3.29,49.05800000000001,49.187,48.867333333333335,52.41433333333334
2024-02-08,52.95,55.33,57.45,50.97,22264,123770809.0,12.24,4.49,2.38,2.96,50.398,49.575,49.00333333333333,52.36183333333334
2024-02-19,55.33,55.16,56.95,53.77,9646,53773597.0,5.75,-0.31,-0.17,1.28,52.14,50.167,49.12166666666667,52.29366666666667
2024-02-20,53.96,53.4,55.17,51.07,16295,86282450.0,7.43,-3.19,-1.76,2.17,53.489999999999995,50.61,49.14566666666666,52.21783333333333
2024-02-21,52.5,54.65,55.05,51.45,15072,81779235.0,6.74,2.34,1.25,2.0,54.298,51.128,49.254,52.13616666666667
2024-02-22,54.55,53.0,54.55,52.64,12285,66073019.0,3.49,-3.02,-1.65,1.63,54.30799999999999,51.68299999999999,49.315333333333335,52.03516666666667
2024-02-23,53.0,51.07,53.0,49.67,19934,102421116.0,6.28,-3.64,-1.93,2.65,53.455999999999996,51.927,49.3,51.93716666666667
2024-02-26,50.11,53.0,53.93,50.11,16004,84892955.0,7.48,3.78,1.93,1.32,53.024,52.581999999999994,49.41133333333333,51.86466666666667
2024-02-27,52.65,53.96,54.3,51.47,14247,76007135.0,5.34,1.81,0.96,1.17,53.136,53.313,49.58566666666666,51.827333333333335
2024-02-28,53.74,51.75,55.55,51.31,12415,66708956.0,7.86,-4.1,-2.21,1.02,52.556,53.427,49.692,51.76833333333334
2024-02-29,51.42,53.99,54.0,50.65,10407,55756328.0,6.47,4.33,2.24,0.86,52.754,53.531000000000006,49.91,51.72866666666666
2024-03-01,53.69,52.55,54.4,51.96,13839,73559114.0,4.52,-2.67,-1.44,1.14,53.05,53.253,50.059999999999995,51.672000000000004
2024-03-04,52.3,52.24,54.05,52.06,8040,42967127.0,3.79,-0.59,-0.31,0.66,52.898,52.961,50.221999999999994,51.575
2024-03-05,52.06,51.47,52.87,49.82,16905,87620683.0,5.84,-1.47,-0.77,1.39,52.4,52.76800000000001,50.392,51.45716666666667
2024-03-06,51.67,51.98,53.33,51.36,10700,56644206.0,3.83,0.99,0.51,0.88,52.446000000000005,52.501,50.58633333333333,51.357499999999995
2024-03-07,51.98,51.15,52.95,51.01,11441,60268389.0,3.73,-1.6,-0.83,0.94,51.878,52.315999999999995,50.80166666666667,51.26133333333333
2024-03-08,51.15,49.56,52.65,49.55,10307,52432725.0,6.06,-3.11,-1.59,0.85,51.279999999999994,52.165,50.949,51.14233333333333
2024-03-11,49.43,53.07,54.83,49.32,20366,107246599.0,11.12,7.08,3.51,1.67,51.446000000000005,52.172000000000004,51.099000000000004,51.106
2024-03-12,53.07,54.11,54.3,52.19,10966,59065353.0,3.98,1.96,1.04,0.9,51.974000000000004,52.187,51.359,51.0875
2024-03-13,54.05,53.14,54.05,52.56,5733,30795348.0,2.75,-1.79,-0.97,0.47,52.205999999999996,52.326,51.50366666666666,51.032333333333334
2024-03-14,53.75,52.41,53.95,52.25,7963,42477806.0,3.2,-1.37,-0.73,0.65,52.45799999999999,52.168000000000006,51.62866666666667,50.970166666666664
2024-03-15,52.05,52.34,53.75,51.58,7160,38007806.0,4.14,-0.13,-0.07,0.59,53.013999999999996,52.147000000000006,51.65833333333333,50.9105
2024-03-18,52.11,54.55,54.73,51.65,12149,66045111.0,5.88,4.22,2.21,1.0,53.31,52.378,51.83533333333333,50.911500000000004
2024-03-19,54.73,55.23,56.42,53.66,11465,64265031.0,5.06,1.25,0.68,0.94,53.53399999999999,52.754,52.044,50.92866666666667
2024-03-20,55.16,56.02,56.35,54.56,10349,58399951.0,3.24,1.43,0.79,0.85,54.11,53.158,52.26233333333333,50.94916666666667
2024-03-21,55.47,55.08,55.82,53.85,6915,38261828.0,3.52,-1.68,-0.94,0.57,54.644000000000005,53.551,52.516666666666666,50.975
2024-03-22,54.49,54.75,55.15,53.66,5856,32184788.0,2.71,-0.6,-0.33,0.48,55.126,54.07000000000001,52.72066666666667,51.00916666666667
2024-03-25,54.75,53.84,56.05,53.65,5942,33103009.0,4.38,-1.66,-0.91,0.49,54.983999999999995,54.147000000000006,52.967,51.024833333333326
2024-03-26,53.83,56.22,56.24,53.8,10504,59125259.0,4.53,4.42,2.38,0.86,55.181999999999995,54.358000000000004,53.285999999999994,51.096333333333334
2024-03-27,56.22,55.05,57.25,54.67,7335,41350242.0,4.59,-2.08,-1.17,0.6,54.988,54.549,53.434,51.13250000000001
2024-03-28,54.93,54.66,55.88,53.56,5784,31821810.0,4.21,-0.71,-0.39,0.48,54.903999999999996,54.774,53.491,51.17916666666667
2024-03-29,54.38,55.25,55.43,53.84,4290,23657284.0,2.91,1.08,0.59,0.35,55.004,55.065,53.48833333333334,51.24583333333333
2024-04-01,55.41,53.99,55.43,53.22,14839,80861081.0,4.0,-2.28,-1.26,1.22,55.034000000000006,55.009,53.449333333333335,51.28549999999999
2024-04-02,53.45,49.86,53.55,49.02,20992,108100174.0,8.39,-7.65,-4.13,1.73,53.762,54.472,53.33133333333333,51.2385
2024-04-03,49.82,49.03,50.84,48.57,16407,82236232.0,4.55,-1.66,-0.83,1.35,52.55799999999999,53.773,53.144,51.199
2024-04-08,48.91,47.15,48.91,46.52,15929,76301210.0,4.87,-3.83,-1.88,1.31,51.056000000000004,52.98,52.949,51.13216666666666
2024-04-09,47.7,48.09,48.58,46.76,7560,36641784.0,3.86,1.99,0.94,0.62,49.624,52.314,52.849666666666664,51.07483333333333
2024-04-10,48.42,47.15,48.42,46.15,6543,31164574.0,4.72,-1.95,-0.94,0.54,48.256,51.645,52.65466666666667,51.033
2024-04-11,47.15,46.77,48.34,46.25,6800,32439935.0,4.43,-0.81,-0.38,0.56,47.638,50.7,52.415,51.00033333333333
2024-04-12,46.66,47.29,48.25,46.16,8534,40656119.0,4.47,1.11,0.52,0.7,47.29,49.924,52.266333333333336,50.979166666666664
2024-04-15,47.06,45.15,47.67,44.33,14877,68625634.0,7.06,-4.53,-2.14,1.22,46.89,48.973,51.97166666666667,50.94083333333334
2024-04-16,45.15,42.25,45.15,40.96,29210,125324145.0,9.28,-6.42,-2.9,2.4,45.722,47.673,51.62833333333334,50.844166666666666
2024-04-17,42.88,41.45,43.22,40.65,25248,106146703.0,6.08,-1.89,-0.8,2.08,44.58200000000001,46.419,51.26866666666667,50.74533333333333
2024-04-18,41.27,41.34,42.29,38.81,29516,121351761.0,8.4,-0.27,-0.11,2.43,43.496,45.567,50.931000000000004,50.661500000000004
2024-04-19,41.27,39.89,41.58,39.54,15834,64451673.0,4.93,-3.51,-1.45,1.3,42.016000000000005,44.653,50.528,50.55716666666667
2024-04-22,39.89,40.15,41.72,38.75,21374,87768982.0,7.45,0.65,0.26,1.76,41.016000000000005,43.953,50.16133333333333,50.4815
2024-04-23,40.93,40.36,41.55,38.56,21069,84820028.0,7.45,0.52,0.21,1.73,40.638,43.18,49.85466666666666,50.401833333333336
2024-04-24,40.36,40.42,40.83,39.37,15359,62427642.0,3.62,0.15,0.06,1.26,40.432,42.507,49.433,50.266
2024-04-25,40.45,41.65,42.4,40.45,27670,117093054.0,4.82,3.04,1.23,2.27,40.49399999999999,41.995,49.01766666666666,50.188333333333325
2024-04-26,40.87,42.84,43.13,40.87,17908,76940046.0,5.43,2.86,1.19,1.47,41.084,41.55,48.67433333333334,50.089000000000006
2024-04-29,42.94,44.07,45.94,42.94,21554,97303599.0,7.0,2.87,1.23,1.77,41.868,41.442,48.39633333333333,50.0125
2024-04-30,44.39,44.23,44.78,42.95,16451,73050826.0,4.15,0.36,0.16,1.35,42.642,41.64,48.126,49.89216666666667
2024-05-06,44.9,46.85,47.75,44.9,20773,97842328.0,6.44,5.92,2.62,1.71,43.928,42.18,47.86933333333334,49.852333333333334
2024-05-07,47.54,45.51,47.54,45.05,19355,89878792.0,5.31,-2.86,-1.34,1.59,44.7,42.597,47.54533333333334,49.794666666666664
2024-05-08,45.54,46.7,47.36,45.45,16802,79158565.0,4.2,2.61,1.19,1.38,45.471999999999994,43.278000000000006,47.23466666666666,49.74850000000001
2024-05-09,46.95,47.04,47.31,46.11,10199,48177861.0,2.57,0.73,0.34,0.84,46.065999999999995,43.967,46.96666666666667,49.74166666666667
2024-05-10,47.05,46.7,48.75,46.52,13603,65293798.0,4.74,-0.72,-0.34,1.12,46.56,44.601,46.69833333333333,49.7095
2024-05-13,46.44,45.64,46.44,43.41,28025,126423067.0,6.49,-2.27,-1.06,2.3,46.318,45.123000000000005,46.425,49.696000000000005
2024-05-14,45.26,46.41,46.64,44.99,17917,83361493.0,3.62,1.69,0.77,1.47,46.498,45.599000000000004,46.098,49.692
2024-05-15,46.95,44.44,46.95,44.17,12253,55810743.0,5.99,-4.24,-1.97,1.01,46.046,45.759,45.74433333333333,49.589166666666664
2024-05-16,43.96,44.52,44.75,43.95,7074,31795248.0,1.8,0.18,0.08,0.58,45.542,45.804,45.406333333333336,49.44866666666667
2024-05-17,44.47,44.52,44.92,44.16,9193,41386343.0,1.71,0.0,0.0,0.76,45.106,45.833,45.04866666666667,49.2685
2024-05-20,44.55,45.16,45.67,44.25,8575,39096708.0,3.19,1.44,0.64,0.7,45.010000000000005,45.664,44.75433333333333,49.10183333333334
2024-05-21,44.78,45.45,45.76,44.47,8582,39254119.0,2.86,0.64,0.29,0.71,44.818,45.658,44.60733333333334,48.96933333333334
2024-05-22,45.45,45.88,46.15,45.11,6676,30876717.0,2.29,0.95,0.43,0.55,45.10600000000001,45.576,44.50233333333334,48.823166666666665
2024-05-23,45.45,45.16,46.03,44.79,10433,47868359.0,2.7,-1.57,-0.72,0.86,45.234,45.388,44.436,48.6925
2024-05-24,44.45,44.65,45.05,44.45,5807,26252471.0,1.33,-1.13,-0.51,0.48,45.26,45.183,44.321333333333335,48.585499999999996
2024-05-27,44.19,42.3,44.85,41.97,13130,56589896.0,6.45,-5.26,-2.35,1.08,44.688,44.849000000000004,44.159666666666666,48.40716666666666
2024-05-28,42.2,42.21,42.63,41.66,9259,39593968.0,2.29,-0.21,-0.09,0.76,44.04,44.428999999999995,44.007666666666665,48.21133333333333
2024-05-29,41.8,42.18,42.57,41.63,7358,31431728.0,2.23,-0.07,-0.03,0.6,43.3,44.202999999999996,43.83733333333334,48.05183333333333
2024-05-30,41.77,41.56,42.31,41.51,4608,19489443.0,1.9,-1.47,-0.62,0.38,42.58,43.907,43.717666666666666,47.84466666666666
2024-05-31,41.6,42.3,42.87,41.45,5485,23554072.0,3.42,1.78,0.74,0.45,42.11,43.685,43.71933333333333,47.67383333333333
2024-06-03,41.96,40.75,42.53,40.45,9710,40496609.0,4.92,-3.66,-1.55,0.8,41.8,43.244,43.696000000000005,47.48233333333334
2024-06-04,40.84,40.82,41.01,39.95,8730,35758750.0,2.6,0.17,0.07,0.72,41.522000000000006,42.781,43.678666666666665,47.304833333333335
2024-06-05,40.5,40.47,41.83,40.2,8023,33425868.0,3.99,-0.86,-0.35,0.66,41.18,42.239999999999995,43.698,47.11300000000001
2024-06-06,40.53,39.38,41.05,38.83,11495,46068781.0,5.49,-2.69,-1.09,0.95,40.744,41.662,43.672333333333334,46.91683333333334
2024-06-07,39.73,38.25,39.73,37.88,11355,44467297.0,4.7,-2.87,-1.13,0.93,39.934,41.022000000000006,43.602000000000004,46.72833333333334
2024-06-11,38.71,41.62,41.83,38.0,14979,60715948.0,10.01,8.81,3.37,1.23,40.108,40.95399999999999,43.642,46.5375
2024-06-12,41.44,41.62,41.96,40.9,6761,28018276.0,2.55,0.0,0.0,0.56,40.268,40.894999999999996,43.641,46.32933333333333
2024-06-13,41.03,41.92,42.38,40.91,6808,28340182.0,3.53,0.72,0.3,0.56,40.558,40.869,43.61033333333333,46.14233333333333
2024-06-14,41.5,41.65,41.87,40.72,7558,31251647.0,2.74,-0.64,-0.27,0.62,41.012,40.878,43.52966666666667,45.963
2024-06-17,41.1,41.99,42.25,40.98,5817,24265187.0,3.05,0.82,0.34,0.48,41.760000000000005,40.846999999999994,43.455000000000005,45.790499999999994
2024-06-18,42.23,41.74,42.33,41.42,4842,20180545.0,2.17,-0.6,-0.25,0.4,41.784000000000006,40.946,43.284666666666666,45.577
2024-06-19,41.48,41.05,42.49,41.04,4994,20785725.0,3.47,-1.65,-0.69,0.41,41.67,40.969,43.135999999999996,45.34066666666666
2024-06-20,40.8,40.34,41.77,40.15,5740,23408012.0,3.95,-1.73,-0.71,0.47,41.354,40.956,42.924,45.07933333333333
2024-06-21,40.17,40.38,40.76,39.8,4089,16460384.0,2.38,0.1,0.04,0.34,41.1,41.056,42.702,44.83433333333333
2024-06-24,39.81,40.15,41.29,39.68,7081,28798672.0,3.99,-0.57,-0.23,0.58,40.732,41.245999999999995,42.48366666666667,44.591
2024-06-25,40.15,39.62,40.45,39.22,4543,18131444.0,3.06,-1.32,-0.53,0.37,40.30800000000001,41.04600000000001,42.283,44.354
2024-06-26,39.26,40.63,40.68,39.01,3904,15580120.0,4.22,2.55,1.01,0.32,40.224000000000004,40.947,42.090333333333334,44.094166666666666
